date,count,cumulative,package
2018-08-01,5640,5640,sp
2018-08-02,5791,11431,sp
2018-08-03,5201,16632,sp
2018-08-04,2807,19439,sp
2018-08-05,2623,22062,sp
2018-08-06,5185,27247,sp
2018-08-07,5620,32867,sp
2018-08-08,5927,38794,sp
2018-08-09,5715,44509,sp
2018-08-10,5211,49720,sp
2018-08-11,2645,52365,sp
2018-08-12,2449,54814,sp
2018-08-13,5460,60274,sp
2018-08-14,5938,66212,sp
2018-08-15,5037,71249,sp
2018-08-16,5400,76649,sp
2018-08-17,4526,81175,sp
2018-08-18,2497,83672,sp
2018-08-19,2375,86047,sp
2018-08-20,5297,91344,sp
2018-08-21,5656,97000,sp
2018-08-22,6203,103203,sp
2018-08-23,6152,109355,sp
2018-08-24,5182,114537,sp
2018-08-25,2437,116974,sp
2018-08-26,2475,119449,sp
2018-08-27,5992,125441,sp
2018-08-28,6754,132195,sp
2018-08-29,6811,139006,sp
2018-08-30,6799,145805,sp
2018-08-31,5598,151403,sp
2018-09-01,2881,154284,sp
2018-09-02,2659,156943,sp
2018-09-03,4994,161937,sp
2018-09-04,7223,169160,sp
2018-09-05,6946,176106,sp
2018-09-06,7109,183215,sp
2018-09-07,5822,189037,sp
2018-09-08,3181,192218,sp
2018-09-09,3193,195411,sp
2018-09-10,7550,202961,sp
2018-09-11,8517,211478,sp
2018-09-12,8977,220455,sp
2018-09-13,8475,228930,sp
2018-09-14,7575,236505,sp
2018-09-15,3615,240120,sp
2018-09-16,3549,243669,sp
2018-09-17,8854,252523,sp
2018-09-18,9395,261918,sp
2018-09-19,9519,271437,sp
2018-09-20,9465,280902,sp
2018-09-21,7429,288331,sp
2018-09-22,3805,292136,sp
2018-09-23,4015,296151,sp
2018-09-24,9318,305469,sp
2018-09-25,9390,314859,sp
2018-09-26,9948,324807,sp
2018-09-27,9637,334444,sp
2018-09-28,7770,342214,sp
2018-09-29,4215,346429,sp
2018-09-30,4071,350500,sp
2018-10-01,8680,359180,sp
2018-10-02,10027,369207,sp
2018-10-03,9588,378795,sp
2018-10-04,9309,388104,sp
2018-10-05,7834,395938,sp
2018-10-06,3746,399684,sp
2018-10-07,3809,403493,sp
2018-10-08,8916,412409,sp
2018-10-09,9235,421644,sp
2018-10-10,10009,431653,sp
2018-10-11,9596,441249,sp
2018-10-12,7361,448610,sp
2018-10-13,4091,452701,sp
2018-10-14,4071,456772,sp
2018-10-15,9005,465777,sp
2018-10-16,10168,475945,sp
2018-10-17,9483,485428,sp
2018-10-18,9123,494551,sp
2018-10-19,8086,502637,sp
2018-10-20,4100,506737,sp
2018-10-21,4085,510822,sp
2018-10-22,9788,520610,sp
2018-10-23,10414,531024,sp
2018-10-24,10677,541701,sp
2018-10-25,9606,551307,sp
2018-10-26,8156,559463,sp
2018-10-27,3973,563436,sp
2018-10-28,3933,567369,sp
2018-10-29,8724,576093,sp
2018-10-30,9846,585939,sp
2018-10-31,9939,595878,sp
2018-11-01,7988,603866,sp
2018-11-02,7062,610928,sp
2018-11-03,3793,614721,sp
2018-11-04,4020,618741,sp
2018-11-05,9182,627923,sp
2018-11-06,10005,637928,sp
2018-11-07,9272,647200,sp
2018-11-08,9254,656454,sp
2018-11-09,8035,664489,sp
2018-11-10,4304,668793,sp
2018-11-11,4105,672898,sp
2018-11-12,9048,681946,sp
2018-11-13,10212,692158,sp
2018-11-14,9933,702091,sp
2018-11-15,9439,711530,sp
2018-11-16,8765,720295,sp
2018-11-17,3984,724279,sp
2018-11-18,4327,728606,sp
2018-11-19,8943,737549,sp
2018-11-20,9403,746952,sp
2018-11-21,9021,755973,sp
2018-11-22,7759,763732,sp
2018-11-23,6574,770306,sp
2018-11-24,3900,774206,sp
2018-11-25,4159,778365,sp
2018-11-26,9450,787815,sp
2018-11-27,10481,798296,sp
2018-11-28,10253,808549,sp
2018-11-29,9684,818233,sp
2018-11-30,8390,826623,sp
2018-12-01,4120,830743,sp
2018-12-02,4494,835237,sp
2018-12-03,9427,844664,sp
2018-12-04,9727,854391,sp
2018-12-05,9336,863727,sp
2018-12-06,8596,872323,sp
2018-12-07,7507,879830,sp
2018-12-08,4185,884015,sp
2018-12-09,4062,888077,sp
2018-12-10,8167,896244,sp
2018-12-11,8630,904874,sp
2018-12-12,8046,912920,sp
2018-12-13,7738,920658,sp
2018-12-14,6199,926857,sp
2018-12-15,3522,930379,sp
2018-12-16,3476,933855,sp
2018-12-17,6528,940383,sp
2018-12-18,7007,947390,sp
2018-12-19,6840,954230,sp
2018-12-20,5775,960005,sp
2018-12-21,4645,964650,sp
2018-12-22,2502,967152,sp
2018-12-23,2569,969721,sp
2018-12-24,2782,972503,sp
2018-12-25,2345,974848,sp
2018-12-26,3410,978258,sp
2018-12-27,3779,982037,sp
2018-12-28,3376,985413,sp
2018-12-29,2213,987626,sp
2018-12-30,2080,989706,sp
2018-12-31,2697,992403,sp
2019-01-01,1967,994370,sp
2019-01-02,4420,998790,sp
2019-01-03,5062,1003852,sp
2019-01-04,4612,1008464,sp
2019-01-05,3056,1011520,sp
2019-01-06,2859,1014379,sp
2019-01-07,6596,1020975,sp
2019-01-08,6914,1027889,sp
2019-01-09,7286,1035175,sp
2019-01-10,7040,1042215,sp
2019-01-11,6422,1048637,sp
2019-01-12,3116,1051753,sp
2019-01-13,3119,1054872,sp
2019-01-14,7509,1062381,sp
2019-01-15,8113,1070494,sp
2019-01-16,8594,1079088,sp
2019-01-17,8376,1087464,sp
2019-01-18,7371,1094835,sp
2019-01-19,3466,1098301,sp
2019-01-20,3355,1101656,sp
2019-01-21,6766,1108422,sp
2019-01-22,8677,1117099,sp
2019-01-23,9120,1126219,sp
2019-01-24,8690,1134909,sp
2019-01-25,7535,1142444,sp
2019-01-26,3490,1145934,sp
2019-01-27,3096,1149030,sp
2019-01-28,8013,1157043,sp
2019-01-29,8602,1165645,sp
2019-01-30,8334,1173979,sp
2019-01-31,8666,1182645,sp
2019-02-01,7698,1190343,sp
2019-02-02,3223,1193566,sp
2019-02-03,3488,1197054,sp
2019-02-04,7589,1204643,sp
2019-02-05,8185,1212828,sp
2019-02-06,8614,1221442,sp
2019-02-07,8570,1230012,sp
2019-02-08,7042,1237054,sp
2019-02-09,3335,1240389,sp
2019-02-10,3381,1243770,sp
2019-02-11,8052,1251822,sp
2019-02-12,8608,1260430,sp
2019-02-13,8493,1268923,sp
2019-02-14,8000,1276923,sp
2019-02-15,6642,1283565,sp
2019-02-16,3290,1286855,sp
2019-02-17,3309,1290164,sp
2019-02-18,7575,1297739,sp
2019-02-19,8671,1306410,sp
2019-02-20,8541,1314951,sp
2019-02-21,8272,1323223,sp
2019-02-22,7390,1330613,sp
2019-02-23,3545,1334158,sp
2019-02-24,3350,1337508,sp
2019-02-25,8410,1345918,sp
2019-02-26,8530,1354448,sp
2019-02-27,8614,1363062,sp
2019-02-28,8424,1371486,sp
2019-03-01,7245,1378731,sp
2019-03-02,3541,1382272,sp
2019-03-03,3376,1385648,sp
2019-03-04,8380,1394028,sp
2019-03-05,8979,1403007,sp
2019-03-06,9296,1412303,sp
2019-03-07,8915,1421218,sp
2019-03-08,7829,1429047,sp
2019-03-09,4136,1433183,sp
2019-03-10,3875,1437058,sp
2019-03-11,8931,1445989,sp
2019-03-12,9534,1455523,sp
2019-03-13,9948,1465471,sp
2019-03-14,9578,1475049,sp
2019-03-15,7932,1482981,sp
2019-03-16,4250,1487231,sp
2019-03-17,3932,1491163,sp
2019-03-18,8776,1499939,sp
2019-03-19,9580,1509519,sp
2019-03-20,9311,1518830,sp
2019-03-21,8849,1527679,sp
2019-03-22,7821,1535500,sp
2019-03-23,3826,1539326,sp
2019-03-24,4035,1543361,sp
2019-03-25,9489,1552850,sp
2019-03-26,9724,1562574,sp
2019-03-27,9503,1572077,sp
2019-03-28,9253,1581330,sp
2019-03-29,7574,1588904,sp
2019-03-30,3779,1592683,sp
2019-03-31,3964,1596647,sp
2019-04-01,9222,1605869,sp
2019-04-02,9639,1615508,sp
2019-04-03,9840,1625348,sp
2019-04-04,8960,1634308,sp
2019-04-05,7834,1642142,sp
2019-04-06,3790,1645932,sp
2019-04-07,4105,1650037,sp
2019-04-08,9521,1659558,sp
2019-04-09,9660,1669218,sp
2019-04-10,9779,1678997,sp
2019-04-11,8955,1687952,sp
2019-04-12,7648,1695600,sp
2019-04-13,4057,1699657,sp
2019-04-14,3790,1703447,sp
2019-04-15,8578,1712025,sp
2019-04-16,8535,1720560,sp
2019-04-17,8752,1729312,sp
2019-04-18,7609,1736921,sp
2019-04-19,5574,1742495,sp
2019-04-20,3219,1745714,sp
2019-04-21,3214,1748928,sp
2019-04-22,6574,1755502,sp
2019-04-23,8676,1764178,sp
2019-04-24,8749,1772927,sp
2019-04-25,8200,1781127,sp
2019-04-26,6974,1788101,sp
2019-04-27,4146,1792247,sp
2019-04-28,4404,1796651,sp
2019-04-29,9397,1806048,sp
2019-04-30,9288,1815336,sp
2019-05-01,7485,1822821,sp
2019-05-02,9945,1832766,sp
2019-05-03,8319,1841085,sp
2019-05-04,4168,1845253,sp
2019-05-05,4362,1849615,sp
2019-05-06,9048,1858663,sp
2019-05-07,10578,1869241,sp
2019-05-08,9479,1878720,sp
2019-05-09,9543,1888263,sp
2019-05-10,8133,1896396,sp
2019-05-11,3930,1900326,sp
2019-05-12,3731,1904057,sp
2019-05-13,9116,1913173,sp
2019-05-14,9414,1922587,sp
2019-05-15,9443,1932030,sp
2019-05-16,9709,1941739,sp
2019-05-17,7745,1949484,sp
2019-05-18,4053,1953537,sp
2019-05-19,3703,1957240,sp
2019-05-20,8985,1966225,sp
2019-05-21,8964,1975189,sp
2019-05-22,9024,1984213,sp
2019-05-23,8784,1992997,sp
2019-05-24,7398,2000395,sp
2019-05-25,3694,2004089,sp
2019-05-26,3470,2007559,sp
2019-05-27,7247,2014806,sp
2019-05-28,8741,2023547,sp
2019-05-29,8246,2031793,sp
2019-05-30,7102,2038895,sp
2019-05-31,6259,2045154,sp
2019-06-01,3172,2048326,sp
2019-06-02,3098,2051424,sp
2019-06-03,7270,2058694,sp
2019-06-04,7977,2066671,sp
2019-06-05,7686,2074357,sp
2019-06-06,7071,2081428,sp
2019-06-07,6094,2087522,sp
2019-06-08,3001,2090523,sp
2019-06-09,3071,2093594,sp
2019-06-10,6533,2100127,sp
2019-06-11,7924,2108051,sp
2019-06-12,7492,2115543,sp
2019-06-13,7276,2122819,sp
2019-06-14,6100,2128919,sp
2019-06-15,2970,2131889,sp
2019-06-16,2972,2134861,sp
2019-06-17,7047,2141908,sp
2019-06-18,7455,2149363,sp
2019-06-19,7098,2156461,sp
2019-06-20,6413,2162874,sp
2019-06-21,5959,2168833,sp
2019-06-22,3006,2171839,sp
2019-06-23,2873,2174712,sp
2019-06-24,6505,2181217,sp
2019-06-25,7412,2188629,sp
2019-06-26,6714,2195343,sp
2019-06-27,6484,2201827,sp
2019-06-28,5788,2207615,sp
2019-06-29,2540,2210155,sp
2019-06-30,2543,2212698,sp
2019-07-01,6216,2218914,sp
2019-07-02,6589,2225503,sp
2019-07-03,6638,2232141,sp
2019-07-04,5308,2237449,sp
2019-07-05,4961,2242410,sp
2019-07-06,2780,2245190,sp
2019-07-07,2816,2248006,sp
2019-07-08,6793,2254799,sp
2019-07-09,7052,2261851,sp
2019-07-10,6932,2268783,sp
2019-07-11,6535,2275318,sp
2019-07-12,5593,2280911,sp
2019-07-13,2978,2283889,sp
2019-07-14,2771,2286660,sp
2019-07-15,6418,2293078,sp
2019-07-16,6817,2299895,sp
2019-07-17,7066,2306961,sp
2019-07-18,6484,2313445,sp
2019-07-19,5912,2319357,sp
2019-07-20,2991,2322348,sp
2019-07-21,2927,2325275,sp
2019-07-22,6768,2332043,sp
2019-07-23,6830,2338873,sp
2019-07-24,7023,2345896,sp
2019-07-25,6719,2352615,sp
2019-07-26,5828,2358443,sp
2019-07-27,2873,2361316,sp
2019-07-28,2630,2363946,sp
2019-07-29,5883,2369829,sp
2019-07-30,6445,2376274,sp
2019-07-31,6574,2382848,sp
2019-08-01,5994,2388842,sp
2019-08-02,5441,2394283,sp
2019-08-03,2757,2397040,sp
2019-08-04,2642,2399682,sp
2019-08-05,6315,2405997,sp
2019-08-06,6825,2412822,sp
2019-08-07,6675,2419497,sp
2019-08-08,6190,2425687,sp
2019-08-09,5238,2430925,sp
2019-08-10,2738,2433663,sp
2019-08-11,2666,2436329,sp
2019-08-12,5891,2442220,sp
2019-08-13,6524,2448744,sp
2019-08-14,6299,2455043,sp
2019-08-15,5739,2460782,sp
2019-08-16,5204,2465986,sp
2019-08-17,3073,2469059,sp
2019-08-18,3019,2472078,sp
2019-08-19,6358,2478436,sp
2019-08-20,7111,2485547,sp
2019-08-21,6793,2492340,sp
2019-08-22,6778,2499118,sp
2019-08-23,5717,2504835,sp
2019-08-24,3254,2508089,sp
2019-08-25,3317,2511406,sp
2019-08-26,6935,2518341,sp
2019-08-27,7762,2526103,sp
2019-08-28,8556,2534659,sp
2019-08-29,7854,2542513,sp
2019-08-30,6538,2549051,sp
2019-08-31,3080,2552131,sp
2019-09-01,3044,2555175,sp
2019-09-02,6098,2561273,sp
2019-09-03,8121,2569394,sp
2019-09-04,9440,2578834,sp
2019-09-05,8655,2587489,sp
2019-09-06,7559,2595048,sp
2019-09-07,3758,2598806,sp
2019-09-08,3951,2602757,sp
2019-09-09,9415,2612172,sp
2019-09-10,9745,2621917,sp
2019-09-11,9625,2631542,sp
2019-09-12,8915,2640457,sp
2019-09-13,7247,2647704,sp
2019-09-14,3685,2651389,sp
2019-09-15,3830,2655219,sp
2019-09-16,9219,2664438,sp
2019-09-17,10496,2674934,sp
2019-09-18,10178,2685112,sp
2019-09-19,10079,2695191,sp
2019-09-20,8158,2703349,sp
2019-09-21,4086,2707435,sp
2019-09-22,4254,2711689,sp
2019-09-23,9985,2721674,sp
2019-09-24,10743,2732417,sp
2019-09-25,10710,2743127,sp
2019-09-26,10175,2753302,sp
2019-09-27,8551,2761853,sp
2019-09-28,3829,2765682,sp
2019-09-29,4130,2769812,sp
2019-09-30,9010,2778822,sp
2019-10-01,9792,2788614,sp
2019-10-02,10536,2799150,sp
2019-10-03,9632,2808782,sp
2019-10-04,8200,2816982,sp
2019-10-05,3920,2820902,sp
2019-10-06,3936,2824838,sp
2019-10-07,9597,2834435,sp
2019-10-08,10656,2845091,sp
2019-10-09,10750,2855841,sp
2019-10-10,10563,2866404,sp
2019-10-11,8982,2875386,sp
2019-10-12,4514,2879900,sp
2019-10-13,4495,2884395,sp
2019-10-14,9211,2893606,sp
2019-10-15,10669,2904275,sp
2019-10-16,10961,2915236,sp
2019-10-17,10324,2925560,sp
2019-10-18,8781,2934341,sp
2019-10-19,4246,2938587,sp
2019-10-20,4275,2942862,sp
2019-10-21,10396,2953258,sp
2019-10-22,11668,2964926,sp
2019-10-23,11404,2976330,sp
2019-10-24,10117,2986447,sp
2019-10-25,10357,2996804,sp
2019-10-26,4085,3000889,sp
2019-10-27,4039,3004928,sp
2019-10-28,10083,3015011,sp
2019-10-29,11832,3026843,sp
2019-10-30,11960,3038803,sp
2019-10-31,11218,3050021,sp
2019-11-01,8512,3058533,sp
2019-11-02,5550,3064083,sp
2019-11-03,5856,3069939,sp
2019-11-04,11336,3081275,sp
2019-11-05,11786,3093061,sp
2019-11-06,10799,3103860,sp
2019-11-07,9880,3113740,sp
2019-11-08,15069,3128809,sp
2019-11-09,7232,3136041,sp
2019-11-10,6955,3142996,sp
2019-11-11,14208,3157204,sp
2019-11-12,16412,3173616,sp
2019-11-13,14354,3187970,sp
2019-11-14,13624,3201594,sp
2019-11-15,11324,3212918,sp
2019-11-16,5824,3218742,sp
2019-11-17,5858,3224600,sp
2019-11-18,12543,3237143,sp
2019-11-19,14878,3252021,sp
2019-11-20,13163,3265184,sp
2019-11-21,12425,3277609,sp
2019-11-22,10319,3287928,sp
2019-11-23,5083,3293011,sp
2019-11-24,5155,3298166,sp
2019-11-25,11701,3309867,sp
2019-11-26,12039,3321906,sp
2019-11-27,11226,3333132,sp
2019-11-28,9883,3343015,sp
2019-11-29,7710,3350725,sp
2019-11-30,4695,3355420,sp
2019-12-01,4972,3360392,sp
2019-12-02,11404,3371796,sp
2019-12-03,11728,3383524,sp
2019-12-04,12077,3395601,sp
2019-12-05,11128,3406729,sp
2019-12-06,16267,3422996,sp
2019-12-07,4914,3427910,sp
2019-12-08,5132,3433042,sp
2019-12-09,10182,3443224,sp
2019-12-10,10417,3453641,sp
2019-12-11,10126,3463767,sp
2019-12-12,9994,3473761,sp
2019-12-13,8121,3481882,sp
2019-12-14,4642,3486524,sp
2019-12-15,4433,3490957,sp
2019-12-16,8495,3499452,sp
2019-12-17,9211,3508663,sp
2019-12-18,8475,3517138,sp
2019-12-19,7632,3524770,sp
2019-12-20,5951,3530721,sp
2019-12-21,3375,3534096,sp
2019-12-22,3157,3537253,sp
2019-12-23,5031,3542284,sp
2019-12-24,3837,3546121,sp
2019-12-25,2763,3548884,sp
2019-12-26,3663,3552547,sp
2019-12-27,3777,3556324,sp
2019-12-28,2954,3559278,sp
2019-12-29,2957,3562235,sp
2019-12-30,4110,3566345,sp
2019-12-31,3046,3569391,sp
2020-01-01,2211,3571602,sp
2020-01-02,4842,3576444,sp
2020-01-03,5218,3581662,sp
2020-01-04,3564,3585226,sp
2020-01-05,3588,3588814,sp
2020-01-06,7224,3596038,sp
2020-01-07,8355,3604393,sp
2020-01-08,9281,3613674,sp
2020-01-09,8841,3622515,sp
2020-01-10,8220,3630735,sp
2020-01-11,4005,3634740,sp
2020-01-12,4216,3638956,sp
2020-01-13,9488,3648444,sp
2020-01-14,10446,3658890,sp
2020-01-15,9985,3668875,sp
2020-01-16,9765,3678640,sp
2020-01-17,8108,3686748,sp
2020-01-18,4008,3690756,sp
2020-01-19,3723,3694479,sp
2020-01-20,7896,3702375,sp
2020-01-21,9978,3712353,sp
2020-01-22,9788,3722141,sp
2020-01-23,9917,3732058,sp
2020-01-24,8410,3740468,sp
2020-01-25,3921,3744389,sp
2020-01-26,4069,3748458,sp
2020-01-27,9307,3757765,sp
2020-01-28,10324,3768089,sp
2020-01-29,10818,3778907,sp
2020-01-30,10317,3789224,sp
2020-01-31,8736,3797960,sp
2020-02-01,4233,3802193,sp
2020-02-02,4341,3806534,sp
2020-02-03,9274,3815808,sp
2020-02-04,10825,3826633,sp
2020-02-05,10850,3837483,sp
2020-02-06,10220,3847703,sp
2020-02-07,9299,3857002,sp
2020-02-08,4262,3861264,sp
2020-02-09,4357,3865621,sp
2020-02-10,11014,3876635,sp
2020-02-11,11017,3887652,sp
2020-02-12,11214,3898866,sp
2020-02-13,11804,3910670,sp
2020-02-14,9839,3920509,sp
2020-02-15,5260,3925769,sp
2020-02-16,5746,3931515,sp
2020-02-17,11583,3943098,sp
2020-02-18,13596,3956694,sp
2020-02-19,13560,3970254,sp
2020-02-20,13083,3983337,sp
2020-02-21,13691,3997028,sp
2020-02-22,10290,4007318,sp
2020-02-23,9547,4016865,sp
2020-02-24,16229,4033094,sp
2020-02-25,16554,4049648,sp
2020-02-26,15272,4064920,sp
2020-02-27,15007,4079927,sp
2020-02-28,11985,4091912,sp
2020-02-29,2581,4094493,sp
2020-03-01,8879,4103372,sp
2020-03-02,17536,4120908,sp
2020-03-03,14966,4135874,sp
2020-03-04,15634,4151508,sp
2020-03-05,14820,4166328,sp
2020-03-06,13796,4180124,sp
2020-03-07,7905,4188029,sp
2020-03-08,7451,4195480,sp
2020-03-09,14303,4209783,sp
2020-03-10,13621,4223404,sp
2020-03-11,13231,4236635,sp
2020-03-12,11932,4248567,sp
2020-03-13,10339,4258906,sp
2020-03-14,5949,4264855,sp
2020-03-15,6128,4270983,sp
2020-03-16,11223,4282206,sp
2020-03-17,12876,4295082,sp
2020-03-18,13633,4308715,sp
2020-03-19,13249,4321964,sp
2020-03-20,12162,4334126,sp
2020-03-21,8880,4343006,sp
2020-03-22,9014,4352020,sp
2020-03-23,13531,4365551,sp
2020-03-24,13840,4379391,sp
2020-03-25,14115,4393506,sp
2020-03-26,14073,4407579,sp
2020-03-27,12698,4420277,sp
2020-03-28,8973,4429250,sp
2020-03-29,9058,4438308,sp
2020-03-30,13701,4452009,sp
2020-03-31,14043,4466052,sp
2020-04-01,14139,4480191,sp
2020-04-02,13448,4493639,sp
2020-04-03,12783,4506422,sp
2020-04-04,8825,4515247,sp
2020-04-05,8687,4523934,sp
2020-04-06,13413,4537347,sp
2020-04-07,13664,4551011,sp
2020-04-08,13459,4564470,sp
2020-04-09,12595,4577065,sp
2020-04-10,11767,4588832,sp
2020-04-11,8521,4597353,sp
2020-04-12,8473,4605826,sp
2020-04-13,11835,4617661,sp
2020-04-14,12972,4630633,sp
2020-04-15,13181,4643814,sp
2020-04-16,13217,4657031,sp
2020-04-17,12245,4669276,sp
2020-04-18,8989,4678265,sp
2020-04-19,9124,4687389,sp
2020-04-20,13116,4700505,sp
2020-04-21,13272,4713777,sp
2020-04-22,13651,4727428,sp
2020-04-23,12738,4740166,sp
2020-04-24,12791,4752957,sp
2020-04-25,9884,4762841,sp
2020-04-26,9851,4772692,sp
2020-04-27,14412,4787104,sp
2020-04-28,15079,4802183,sp
2020-04-29,14850,4817033,sp
2020-04-30,13845,4830878,sp
2020-05-01,11775,4842653,sp
2020-05-02,9316,4851969,sp
2020-05-03,9656,4861625,sp
2020-05-04,14503,4876128,sp
2020-05-05,15228,4891356,sp
2020-05-06,15599,4906955,sp
2020-05-07,14018,4920973,sp
2020-05-08,13324,4934297,sp
2020-05-09,9543,4943840,sp
2020-05-10,9289,4953129,sp
2020-05-11,14210,4967339,sp
2020-05-12,14875,4982214,sp
2020-05-13,15212,4997426,sp
2020-05-14,14357,5011783,sp
2020-05-15,13310,5025093,sp
2020-05-16,9190,5034283,sp
2020-05-17,9225,5043508,sp
2020-05-18,14141,5057649,sp
2020-05-19,14216,5071865,sp
2020-05-20,17784,5089649,sp
2020-05-21,16943,5106592,sp
2020-05-22,14793,5121385,sp
2020-05-23,9101,5130486,sp
2020-05-24,9042,5139528,sp
2020-05-25,13099,5152627,sp
2020-05-26,14721,5167348,sp
2020-05-27,14851,5182199,sp
2020-05-28,14208,5196407,sp
2020-05-29,11857,5208264,sp
2020-05-30,6924,5215188,sp
2020-05-31,7260,5222448,sp
2020-06-01,11708,5234156,sp
2020-06-02,13963,5248119,sp
2020-06-03,15895,5264014,sp
2020-06-04,14870,5278884,sp
2020-06-05,13344,5292228,sp
2020-06-06,8949,5301177,sp
2020-06-07,9387,5310564,sp
2020-06-08,14665,5325229,sp
2020-06-09,14888,5340117,sp
2020-06-10,14646,5354763,sp
2020-06-11,13955,5368718,sp
2020-06-12,12537,5381255,sp
2020-06-13,8401,5389656,sp
2020-06-14,8704,5398360,sp
2020-06-15,13925,5412285,sp
2020-06-16,14470,5426755,sp
2020-06-17,13633,5440388,sp
2020-06-18,11968,5452356,sp
2020-06-19,10417,5462773,sp
2020-06-20,6278,5469051,sp
2020-06-21,6040,5475091,sp
2020-06-22,11289,5486380,sp
2020-06-23,11824,5498204,sp
2020-06-24,11072,5509276,sp
2020-06-25,10711,5519987,sp
2020-06-26,9916,5529903,sp
2020-06-27,5890,5535793,sp
2020-06-28,6164,5541957,sp
2020-06-29,11480,5553437,sp
2020-06-30,11571,5565008,sp
2020-07-01,10914,5575922,sp
2020-07-02,10918,5586840,sp
2020-07-03,9141,5595981,sp
2020-07-04,5177,5601158,sp
2020-07-05,5289,5606447,sp
2020-07-06,10550,5616997,sp
2020-07-07,10282,5627279,sp
2020-07-08,11054,5638333,sp
2020-07-09,10860,5649193,sp
2020-07-10,11567,5660760,sp
2020-07-11,5295,5666055,sp
2020-07-12,5334,5671389,sp
2020-07-13,10668,5682057,sp
2020-07-14,10985,5693042,sp
2020-07-15,11000,5704042,sp
2020-07-16,10814,5714856,sp
2020-07-17,9896,5724752,sp
2020-07-18,5426,5730178,sp
2020-07-19,5821,5735999,sp
2020-07-20,10933,5746932,sp
2020-07-21,10867,5757799,sp
2020-07-22,10970,5768769,sp
2020-07-23,10098,5778867,sp
2020-07-24,9115,5787982,sp
2020-07-25,5167,5793149,sp
2020-07-26,5303,5798452,sp
2020-07-27,10516,5808968,sp
2020-07-28,10676,5819644,sp
2020-07-29,10412,5830056,sp
2020-07-30,10445,5840501,sp
2020-07-31,8568,5849069,sp
2020-08-01,5215,5854284,sp
2020-08-02,5663,5859947,sp
2020-08-03,10724,5870671,sp
2020-08-04,10377,5881048,sp
2020-08-05,10640,5891688,sp
2020-08-06,10327,5902015,sp
2020-08-07,9165,5911180,sp
2020-08-08,5066,5916246,sp
2020-08-09,4876,5921122,sp
2020-08-10,9968,5931090,sp
2020-08-11,10718,5941808,sp
2020-08-12,10928,5952736,sp
2020-08-13,10575,5963311,sp
2020-08-14,8854,5972165,sp
2020-08-15,5374,5977539,sp
2020-08-16,5768,5983307,sp
2020-08-17,10296,5993603,sp
2020-08-18,10738,6004341,sp
2020-08-19,10950,6015291,sp
2020-08-20,10014,6025305,sp
2020-08-21,8639,6033944,sp
2020-08-22,5512,6039456,sp
2020-08-23,5631,6045087,sp
2020-08-24,11038,6056125,sp
2020-08-25,11223,6067348,sp
2020-08-26,11917,6079265,sp
2020-08-27,11716,6090981,sp
2020-08-28,10578,6101559,sp
2020-08-29,5603,6107162,sp
2020-08-30,5606,6112768,sp
2020-08-31,11259,6124027,sp
2020-09-01,12691,6136718,sp
2020-09-02,13286,6150004,sp
2020-09-03,14299,6164303,sp
2020-09-04,10983,6175286,sp
2020-09-05,5536,6180822,sp
2020-09-06,5902,6186724,sp
2020-09-07,10516,6197240,sp
2020-09-08,13168,6210408,sp
2020-09-09,13796,6224204,sp
2020-09-10,13367,6237571,sp
2020-09-11,11894,6249465,sp
2020-09-12,6341,6255806,sp
2020-09-13,6641,6262447,sp
2020-09-14,13636,6276083,sp
2020-09-15,14897,6290980,sp
2020-09-16,14427,6305407,sp
2020-09-17,14026,6319433,sp
2020-09-18,12697,6332130,sp
2020-09-19,6428,6338558,sp
2020-09-20,6462,6345020,sp
2020-09-21,14420,6359440,sp
2020-09-22,15735,6375175,sp
2020-09-23,14980,6390155,sp
2020-09-24,14461,6404616,sp
2020-09-25,11943,6416559,sp
2020-09-26,7209,6423768,sp
2020-09-27,7138,6430906,sp
2020-09-28,13587,6444493,sp
2020-09-29,14806,6459299,sp
2020-09-30,14856,6474155,sp
2020-10-01,14909,6489064,sp
2020-10-02,12210,6501274,sp
2020-10-03,7020,6508294,sp
2020-10-04,7664,6515958,sp
2020-10-05,15374,6531332,sp
2020-10-06,15635,6546967,sp
2020-10-07,18613,6565580,sp
2020-10-08,23136,6588716,sp
2020-10-09,18865,6607581,sp
2020-10-10,10150,6617731,sp
2020-10-11,10491,6628222,sp
2020-10-12,18731,6646953,sp
2020-10-13,19438,6666391,sp
2020-10-14,19671,6686062,sp
2020-10-15,18964,6705026,sp
2020-10-16,17194,6722220,sp
2020-10-17,8883,6731103,sp
2020-10-18,9270,6740373,sp
2020-10-19,18844,6759217,sp
2020-10-20,18654,6777871,sp
2020-10-21,17740,6795611,sp
2020-10-22,17407,6813018,sp
2020-10-23,16217,6829235,sp
2020-10-24,8613,6837848,sp
2020-10-25,9074,6846922,sp
2020-10-26,17051,6863973,sp
2020-10-27,18587,6882560,sp
2020-10-28,16943,6899503,sp
2020-10-29,16968,6916471,sp
2020-10-30,14998,6931469,sp
2020-10-31,8740,6940209,sp
2020-11-01,9152,6949361,sp
2020-11-02,18135,6967496,sp
2020-11-03,18803,6986299,sp
2020-11-04,18182,7004481,sp
2020-11-05,17347,7021828,sp
2020-11-06,15618,7037446,sp
2020-11-07,8582,7046028,sp
2020-11-08,9505,7055533,sp
2020-11-09,17743,7073276,sp
2020-11-10,18097,7091373,sp
2020-11-11,16235,7107608,sp
2020-11-12,16601,7124209,sp
2020-11-13,14920,7139129,sp
2020-11-14,8684,7147813,sp
2020-11-15,9055,7156868,sp
2020-11-16,17286,7174154,sp
2020-11-17,18033,7192187,sp
2020-11-18,17923,7210110,sp
2020-11-19,17804,7227914,sp
2020-11-20,15663,7243577,sp
2020-11-21,8374,7251951,sp
2020-11-22,9147,7261098,sp
2020-11-23,16733,7277831,sp
2020-11-24,17126,7294957,sp
2020-11-25,13593,7308550,sp
2020-11-26,13623,7322173,sp
2020-11-27,12170,7334343,sp
2020-11-28,8090,7342433,sp
2020-11-29,8780,7351213,sp
2020-11-30,16537,7367750,sp
2020-12-01,16462,7384212,sp
2020-12-02,16837,7401049,sp
2020-12-03,16424,7417473,sp
2020-12-04,15067,7432540,sp
2020-12-05,8369,7440909,sp
2020-12-06,9388,7450297,sp
2020-12-07,15404,7465701,sp
2020-12-08,15732,7481433,sp
2020-12-09,15456,7496889,sp
2020-12-10,14334,7511223,sp
2020-12-11,13093,7524316,sp
2020-12-12,7757,7532073,sp
2020-12-13,7476,7539549,sp
2020-12-14,14033,7553582,sp
2020-12-15,14271,7567853,sp
2020-12-16,14121,7581974,sp
2020-12-17,13174,7595148,sp
2020-12-18,11635,7606783,sp
2020-12-19,6490,7613273,sp
2020-12-20,6542,7619815,sp
2020-12-21,11311,7631126,sp
2020-12-22,10725,7641851,sp
2020-12-23,9674,7651525,sp
2020-12-24,6608,7658133,sp
2020-12-25,4886,7663019,sp
2020-12-26,5243,7668262,sp
2020-12-27,5471,7673733,sp
2020-12-28,8643,7682376,sp
2020-12-29,8263,7690639,sp
2020-12-30,8375,7699014,sp
2020-12-31,6157,7705171,sp
2021-01-01,5008,7710179,sp
2021-01-02,6096,7716275,sp
2021-01-03,6703,7722978,sp
2021-01-04,12111,7735089,sp
2021-01-05,13047,7748136,sp
2021-01-06,13238,7761374,sp
2021-01-07,12950,7774324,sp
2021-01-08,12174,7786498,sp
2021-01-09,7609,7794107,sp
2021-01-10,9654,7803761,sp
2021-01-11,20108,7823869,sp
2021-01-12,19123,7842992,sp
2021-01-13,18546,7861538,sp
2021-01-14,16913,7878451,sp
2021-01-15,15457,7893908,sp
2021-01-16,8919,7902827,sp
2021-01-17,9509,7912336,sp
2021-01-18,16196,7928532,sp
2021-01-19,18152,7946684,sp
2021-01-20,18136,7964820,sp
2021-01-21,17665,7982485,sp
2021-01-22,15209,7997694,sp
2021-01-23,8459,8006153,sp
2021-01-24,9469,8015622,sp
2021-01-25,16191,8031813,sp
2021-01-26,15681,8047494,sp
2021-01-27,16476,8063970,sp
2021-01-28,16095,8080065,sp
2021-01-29,14845,8094910,sp
2021-01-30,8528,8103438,sp
2021-01-31,9218,8112656,sp
2021-02-01,16521,8129177,sp
2021-02-02,17274,8146451,sp
2021-02-03,16606,8163057,sp
2021-02-04,17928,8180985,sp
2021-02-05,16181,8197166,sp
2021-02-06,8351,8205517,sp
2021-02-07,8517,8214034,sp
2021-02-08,16303,8230337,sp
2021-02-09,16466,8246803,sp
2021-02-10,15796,8262599,sp
2021-02-11,15650,8278249,sp
2021-02-12,13470,8291719,sp
2021-02-13,7818,8299537,sp
2021-02-14,7599,8307136,sp
2021-02-15,13966,8321102,sp
2021-02-16,15047,8336149,sp
2021-02-17,15338,8351487,sp
2021-02-18,15943,8367430,sp
2021-02-19,14797,8382227,sp
2021-02-20,8841,8391068,sp
2021-02-21,8971,8400039,sp
2021-02-22,16677,8416716,sp
2021-02-23,17484,8434200,sp
2021-02-24,17078,8451278,sp
2021-02-25,16871,8468149,sp
2021-02-26,15313,8483462,sp
2021-02-27,9386,8492848,sp
2021-02-28,9838,8502686,sp
2021-03-01,17606,8520292,sp
2021-03-02,18481,8538773,sp
2021-03-03,18549,8557322,sp
2021-03-04,18597,8575919,sp
2021-03-05,16532,8592451,sp
2021-03-06,9805,8602256,sp
2021-03-07,10297,8612553,sp
2021-03-08,17768,8630321,sp
2021-03-09,19194,8649515,sp
2021-03-10,20188,8669703,sp
2021-03-11,19469,8689172,sp
2021-03-12,17175,8706347,sp
2021-03-13,10292,8716639,sp
2021-03-14,10754,8727393,sp
2021-03-15,18179,8745572,sp
2021-03-16,18629,8764201,sp
2021-03-17,18869,8783070,sp
2021-03-18,18481,8801551,sp
2021-03-19,15414,8816965,sp
2021-03-20,9322,8826287,sp
2021-03-21,9789,8836076,sp
2021-03-22,17744,8853820,sp
2021-03-23,18241,8872061,sp
2021-03-24,19057,8891118,sp
2021-03-25,18839,8909957,sp
2021-03-26,15157,8925114,sp
2021-03-27,9499,8934613,sp
2021-03-28,9624,8944237,sp
2021-03-29,16835,8961072,sp
2021-03-30,18049,8979121,sp
2021-03-31,18674,8997795,sp
2021-04-01,16344,9014139,sp
2021-04-02,13248,9027387,sp
2021-04-03,8119,9035506,sp
2021-04-04,7996,9043502,sp
2021-04-05,14040,9057542,sp
2021-04-06,17184,9074726,sp
2021-04-07,18326,9093052,sp
2021-04-08,17874,9110926,sp
2021-04-09,16182,9127108,sp
2021-04-10,9050,9136158,sp
2021-04-11,9482,9145640,sp
2021-04-12,16719,9162359,sp
2021-04-13,17976,9180335,sp
2021-04-14,17078,9197413,sp
2021-04-15,16986,9214399,sp
2021-04-16,14835,9229234,sp
2021-04-17,8515,9237749,sp
2021-04-18,9023,9246772,sp
2021-04-19,16171,9262943,sp
2021-04-20,17475,9280418,sp
2021-04-21,17027,9297445,sp
2021-04-22,16226,9313671,sp
2021-04-23,15628,9329299,sp
2021-04-24,8608,9337907,sp
2021-04-25,9249,9347156,sp
2021-04-26,16616,9363772,sp
2021-04-27,16836,9380608,sp
2021-04-28,17236,9397844,sp
2021-04-29,16373,9414217,sp
2021-04-30,14809,9429026,sp
2021-05-01,7802,9436828,sp
2021-05-02,8649,9445477,sp
2021-05-03,15160,9460637,sp
2021-05-04,16645,9477282,sp
2021-05-05,15771,9493053,sp
2021-05-06,15362,9508415,sp
2021-05-07,13923,9522338,sp
2021-05-08,8331,9530669,sp
2021-05-09,8287,9538956,sp
2021-05-10,14598,9553554,sp
2021-05-11,15067,9568621,sp
2021-05-12,16040,9584661,sp
2021-05-13,14987,9599648,sp
2021-05-14,13277,9612925,sp
2021-05-15,7995,9620920,sp
2021-05-16,7882,9628802,sp
2021-05-17,15718,9644520,sp
2021-05-18,15963,9660483,sp
2021-05-19,17064,9677547,sp
2021-05-20,16188,9693735,sp
2021-05-21,15845,9709580,sp
2021-05-22,8867,9718447,sp
2021-05-23,9387,9727834,sp
2021-05-24,15349,9743183,sp
2021-05-25,16552,9759735,sp
2021-05-26,16794,9776529,sp
2021-05-27,15639,9792168,sp
2021-05-28,13407,9805575,sp
2021-05-29,8195,9813770,sp
2021-05-30,7877,9821647,sp
2021-05-31,12923,9834570,sp
2021-06-01,15441,9850011,sp
2021-06-02,16117,9866128,sp
2021-06-03,15298,9881426,sp
2021-06-04,14726,9896152,sp
2021-06-05,9252,9905404,sp
2021-06-06,8497,9913901,sp
2021-06-07,16120,9930021,sp
2021-06-08,17228,9947249,sp
2021-06-09,17292,9964541,sp
2021-06-10,16039,9980580,sp
2021-06-11,14807,9995387,sp
2021-06-12,7484,10002871,sp
2021-06-13,8600,10011471,sp
2021-06-14,15873,10027344,sp
2021-06-15,18559,10045903,sp
2021-06-16,16296,10062199,sp
2021-06-17,16677,10078876,sp
2021-06-18,14210,10093086,sp
2021-06-19,7980,10101066,sp
2021-06-20,7585,10108651,sp
2021-06-21,14650,10123301,sp
2021-06-22,16103,10139404,sp
2021-06-23,15633,10155037,sp
2021-06-24,15898,10170935,sp
2021-06-25,13351,10184286,sp
2021-06-26,6960,10191246,sp
2021-06-27,7230,10198476,sp
2021-06-28,14831,10213307,sp
2021-06-29,15477,10228784,sp
2021-06-30,15398,10244182,sp
2021-07-01,15545,10259727,sp
2021-07-02,13077,10272804,sp
2021-07-03,7074,10279878,sp
2021-07-04,6754,10286632,sp
2021-07-05,11791,10298423,sp
2021-07-06,14394,10312817,sp
2021-07-07,15226,10328043,sp
2021-07-08,15137,10343180,sp
2021-07-09,13057,10356237,sp
2021-07-10,7019,10363256,sp
2021-07-11,6761,10370017,sp
2021-07-12,14791,10384808,sp
2021-07-13,14322,10399130,sp
2021-07-14,15379,10414509,sp
2021-07-15,14561,10429070,sp
2021-07-16,12071,10441141,sp
2021-07-17,6800,10447941,sp
2021-07-18,7047,10454988,sp
2021-07-19,14544,10469532,sp
2021-07-20,14376,10483908,sp
2021-07-21,13569,10497477,sp
2021-07-22,14420,10511897,sp
2021-07-23,12705,10524602,sp
2021-07-24,6446,10531048,sp
2021-07-25,7176,10538224,sp
2021-07-26,14930,10553154,sp
2021-07-27,14060,10567214,sp
2021-07-28,14255,10581469,sp
2021-07-29,14193,10595662,sp
2021-07-30,12520,10608182,sp
2021-07-31,6527,10614709,sp
2021-08-01,6538,10621247,sp
2021-08-02,13529,10634776,sp
2021-08-03,13696,10648472,sp
2021-08-04,12655,10661127,sp
2021-08-05,13418,10674545,sp
2021-08-06,12588,10687133,sp
2021-08-07,6396,10693529,sp
2021-08-08,6839,10700368,sp
2021-08-09,13551,10713919,sp
2021-08-10,14235,10728154,sp
2021-08-11,13744,10741898,sp
2021-08-12,13618,10755516,sp
2021-08-13,12047,10767563,sp
2021-08-14,7104,10774667,sp
2021-08-15,7131,10781798,sp
2021-08-16,14095,10795893,sp
2021-08-17,14396,10810289,sp
2021-08-18,14978,10825267,sp
2021-08-19,14689,10839956,sp
2021-08-20,12262,10852218,sp
2021-08-21,6765,10858983,sp
2021-08-22,7354,10866337,sp
2021-08-23,14713,10881050,sp
2021-08-24,14973,10896023,sp
2021-08-25,15496,10911519,sp
2021-08-26,15622,10927141,sp
2021-08-27,13500,10940641,sp
2021-08-28,7722,10948363,sp
2021-08-29,7467,10955830,sp
2021-08-30,15427,10971257,sp
2021-08-31,18106,10989363,sp
2021-09-01,19588,11008951,sp
2021-09-02,18221,11027172,sp
2021-09-03,15385,11042557,sp
2021-09-04,7697,11050254,sp
2021-09-05,7752,11058006,sp
2021-09-06,14096,11072102,sp
2021-09-07,17472,11089574,sp
2021-09-08,19974,11109548,sp
2021-09-09,19636,11129184,sp
2021-09-10,14765,11143949,sp
2021-09-11,7755,11151704,sp
2021-09-12,8614,11160318,sp
2021-09-13,18227,11178545,sp
2021-09-14,19938,11198483,sp
2021-09-15,20343,11218826,sp
2021-09-16,18544,11237370,sp
2021-09-17,15165,11252535,sp
2021-09-18,8527,11261062,sp
2021-09-19,9277,11270339,sp
2021-09-20,19061,11289400,sp
2021-09-21,17955,11307355,sp
2021-09-22,18632,11325987,sp
2021-09-23,18697,11344684,sp
2021-09-24,18314,11362998,sp
2021-09-25,9278,11372276,sp
2021-09-26,9987,11382263,sp
2021-09-27,18903,11401166,sp
2021-09-28,18522,11419688,sp
2021-09-29,19342,11439030,sp
2021-09-30,19893,11458923,sp
2021-10-01,17166,11476089,sp
2021-10-02,8470,11484559,sp
2021-10-03,9570,11494129,sp
2021-10-04,19926,11514055,sp
2021-10-05,19918,11533973,sp
2021-10-06,20098,11554071,sp
2021-10-07,20740,11574811,sp
2021-10-08,16923,11591734,sp
2021-10-09,8771,11600505,sp
2021-10-10,9644,11610149,sp
2021-10-11,18025,11628174,sp
2021-10-12,19079,11647253,sp
2021-10-13,20361,11667614,sp
2021-10-14,19195,11686809,sp
2021-10-15,16599,11703408,sp
2021-10-16,9677,11713085,sp
2021-10-17,9916,11723001,sp
2021-10-18,20919,11743920,sp
2021-10-19,20605,11764525,sp
2021-10-20,21785,11786310,sp
2021-10-21,20651,11806961,sp
2021-10-22,17346,11824307,sp
2021-10-23,9142,11833449,sp
2021-10-24,9853,11843302,sp
2021-10-25,19602,11862904,sp
2021-10-26,22204,11885108,sp
2021-10-27,21953,11907061,sp
2021-10-28,20921,11927982,sp
2021-10-29,17413,11945395,sp
2021-10-30,9937,11955332,sp
2021-10-31,9386,11964718,sp
2021-11-01,17576,11982294,sp
2021-11-02,18832,12001126,sp
2021-11-03,19327,12020453,sp
2021-11-04,19402,12039855,sp
2021-11-05,17038,12056893,sp
2021-11-06,9655,12066548,sp
2021-11-07,9968,12076516,sp
2021-11-08,20559,12097075,sp
2021-11-09,20679,12117754,sp
2021-11-10,20298,12138052,sp
2021-11-11,19796,12157848,sp
2021-11-12,18430,12176278,sp
2021-11-13,9698,12185976,sp
2021-11-14,12448,12198424,sp
2021-11-15,31595,12230019,sp
2021-11-16,28863,12258882,sp
2021-11-17,27191,12286073,sp
2021-11-18,25498,12311571,sp
2021-11-19,21680,12333251,sp
2021-11-20,11818,12345069,sp
2021-11-21,12671,12357740,sp
2021-11-22,23012,12380752,sp
2021-11-23,23631,12404383,sp
2021-11-24,21633,12426016,sp
2021-11-25,19646,12445662,sp
2021-11-26,16787,12462449,sp
2021-11-27,10626,12473075,sp
2021-11-28,11204,12484279,sp
2021-11-29,22763,12507042,sp
2021-11-30,22976,12530018,sp
2021-12-01,22704,12552722,sp
2021-12-02,23420,12576142,sp
2021-12-03,22038,12598180,sp
2021-12-04,11633,12609813,sp
2021-12-05,11339,12621152,sp
2021-12-06,21954,12643106,sp
2021-12-07,21565,12664671,sp
2021-12-08,20947,12685618,sp
2021-12-09,21531,12707149,sp
2021-12-10,18309,12725458,sp
2021-12-11,10467,12735925,sp
2021-12-12,10274,12746199,sp
2021-12-13,20859,12767058,sp
2021-12-14,22173,12789231,sp
2021-12-15,18494,12807725,sp
2021-12-16,18115,12825840,sp
2021-12-17,16542,12842382,sp
2021-12-18,8341,12850723,sp
2021-12-19,8837,12859560,sp
2021-12-20,16333,12875893,sp
2021-12-21,16316,12892209,sp
2021-12-22,16035,12908244,sp
2021-12-23,13839,12922083,sp
2021-12-24,9223,12931306,sp
2021-12-25,5959,12937265,sp
2021-12-26,6292,12943557,sp
2021-12-27,11262,12954819,sp
2021-12-28,12104,12966923,sp
2021-12-29,12286,12979209,sp
2021-12-30,9484,12988693,sp
2021-12-31,7272,12995965,sp
2022-01-01,5910,13001875,sp
2022-01-02,6931,13008806,sp
2022-01-03,13226,13022032,sp
2022-01-04,15882,13037914,sp
2022-01-05,17354,13055268,sp
2022-01-06,16487,13071755,sp
2022-01-07,14465,13086220,sp
2022-01-08,8250,13094470,sp
2022-01-09,8128,13102598,sp
2022-01-10,16708,13119306,sp
2022-01-11,18048,13137354,sp
2022-01-12,17773,13155127,sp
2022-01-13,16849,13171976,sp
2022-01-14,15118,13187094,sp
2022-01-15,8515,13195609,sp
2022-01-16,8521,13204130,sp
2022-01-17,15950,13220080,sp
2022-01-18,18617,13238697,sp
2022-01-19,19401,13258098,sp
2022-01-20,19196,13277294,sp
2022-01-21,16768,13294062,sp
2022-01-22,9581,13303643,sp
2022-01-23,9438,13313081,sp
2022-01-24,19284,13332365,sp
2022-01-25,20752,13353117,sp
2022-01-26,19791,13372908,sp
2022-01-27,20345,13393253,sp
2022-01-28,16925,13410178,sp
2022-01-29,9411,13419589,sp
2022-01-30,9473,13429062,sp
2022-01-31,16666,13445728,sp
2022-02-01,19105,13464833,sp
2022-02-02,19004,13483837,sp
2022-02-03,18113,13501950,sp
2022-02-04,16783,13518733,sp
2022-02-05,9063,13527796,sp
2022-02-06,9143,13536939,sp
2022-02-07,18476,13555415,sp
2022-02-08,19207,13574622,sp
2022-02-09,18892,13593514,sp
2022-02-10,17316,13610830,sp
2022-02-11,15711,13626541,sp
2022-02-12,7625,13634166,sp
2022-02-13,8237,13642403,sp
2022-02-14,17284,13659687,sp
2022-02-15,17694,13677381,sp
2022-02-16,18277,13695658,sp
2022-02-17,18205,13713863,sp
2022-02-18,15749,13729612,sp
2022-02-19,8579,13738191,sp
2022-02-20,8722,13746913,sp
2022-02-21,17009,13763922,sp
2022-02-22,18147,13782069,sp
2022-02-23,17854,13799923,sp
2022-02-24,17340,13817263,sp
2022-02-25,14722,13831985,sp
2022-02-26,8015,13840000,sp
2022-02-27,8550,13848550,sp
2022-02-28,17184,13865734,sp
2022-03-01,17514,13883248,sp
2022-03-02,20591,13903839,sp
2022-03-03,19055,13922894,sp
2022-03-04,16619,13939513,sp
2022-03-05,7544,13947057,sp
2022-03-06,8438,13955495,sp
2022-03-07,18267,13973762,sp
2022-03-08,18742,13992504,sp
2022-03-09,20475,14012979,sp
2022-03-10,21005,14033984,sp
2022-03-11,16652,14050636,sp
2022-03-12,8569,14059205,sp
2022-03-13,9096,14068301,sp
2022-03-14,19806,14088107,sp
2022-03-15,20168,14108275,sp
2022-03-16,21259,14129534,sp
2022-03-17,19813,14149347,sp
2022-03-18,16294,14165641,sp
2022-03-19,8502,14174143,sp
2022-03-20,8991,14183134,sp
2022-03-21,20087,14203221,sp
2022-03-22,19998,14223219,sp
2022-03-23,19117,14242336,sp
2022-03-24,19666,14262002,sp
2022-03-25,15819,14277821,sp
2022-03-26,8653,14286474,sp
2022-03-27,9142,14295616,sp
2022-03-28,18645,14314261,sp
2022-03-29,19007,14333268,sp
2022-03-30,19470,14352738,sp
2022-03-31,18704,14371442,sp
2022-04-01,15754,14387196,sp
2022-04-02,8346,14395542,sp
2022-04-03,9172,14404714,sp
2022-04-04,18441,14423155,sp
2022-04-05,19228,14442383,sp
2022-04-06,19442,14461825,sp
2022-04-07,17631,14479456,sp
2022-04-08,14509,14493965,sp
2022-04-09,8083,14502048,sp
2022-04-10,9019,14511067,sp
2022-04-11,17317,14528384,sp
2022-04-12,17582,14545966,sp
2022-04-13,16956,14562922,sp
2022-04-14,15800,14578722,sp
2022-04-15,11196,14589918,sp
2022-04-16,7556,14597474,sp
2022-04-17,8182,14605656,sp
2022-04-18,14292,14619948,sp
2022-04-19,18137,14638085,sp
2022-04-20,23826,14661911,sp
2022-04-21,23100,14685011,sp
2022-04-22,17088,14702099,sp
2022-04-23,10764,14712863,sp
2022-04-24,11575,14724438,sp
2022-04-25,22350,14746788,sp
2022-04-26,23302,14770090,sp
2022-04-27,21438,14791528,sp
2022-04-28,20922,14812450,sp
2022-04-29,18219,14830669,sp
2022-04-30,9258,14839927,sp
2022-05-01,10100,14850027,sp
2022-05-02,19483,14869510,sp
2022-05-03,19623,14889133,sp
2022-05-04,21101,14910234,sp
2022-05-05,20210,14930444,sp
2022-05-06,18085,14948529,sp
2022-05-07,10257,14958786,sp
2022-05-08,10239,14969025,sp
2022-05-09,20751,14989776,sp
2022-05-10,21634,15011410,sp
2022-05-11,21440,15032850,sp
2022-05-12,20705,15053555,sp
2022-05-13,17895,15071450,sp
2022-05-14,8449,15079899,sp
2022-05-15,8968,15088867,sp
2022-05-16,18665,15107532,sp
2022-05-17,21111,15128643,sp
2022-05-18,20218,15148861,sp
2022-05-19,19658,15168519,sp
2022-05-20,16054,15184573,sp
2022-05-21,8838,15193411,sp
2022-05-22,9101,15202512,sp
2022-05-23,18719,15221231,sp
2022-05-24,18763,15239994,sp
2022-05-25,19986,15259980,sp
2022-05-26,16192,15276172,sp
2022-05-27,14765,15290937,sp
2022-05-28,8416,15299353,sp
2022-05-29,9211,15308564,sp
2022-05-30,16492,15325056,sp
2022-05-31,18129,15343185,sp
2022-06-01,17723,15360908,sp
2022-06-02,16543,15377451,sp
2022-06-03,14405,15391856,sp
2022-06-04,8315,15400171,sp
2022-06-05,9595,15409766,sp
2022-06-06,21950,15431716,sp
2022-06-07,23547,15455263,sp
2022-06-08,25767,15481030,sp
2022-06-09,21007,15502037,sp
2022-06-10,17647,15519684,sp
2022-06-11,9442,15529126,sp
2022-06-12,9567,15538693,sp
2022-06-13,19376,15558069,sp
2022-06-14,22320,15580389,sp
2022-06-15,19768,15600157,sp
2022-06-16,17722,15617879,sp
2022-06-17,15511,15633390,sp
2022-06-18,8270,15641660,sp
2022-06-19,8716,15650376,sp
2022-06-20,17193,15667569,sp
2022-06-21,18124,15685693,sp
2022-06-22,20460,15706153,sp
2022-06-23,17063,15723216,sp
2022-06-24,14241,15737457,sp
2022-06-25,8755,15746212,sp
2022-06-26,8052,15754264,sp
2022-06-27,16714,15770978,sp
2022-06-28,16981,15787959,sp
2022-06-29,16544,15804503,sp
2022-06-30,16884,15821387,sp
2022-07-01,13424,15834811,sp
2022-07-02,6971,15841782,sp
2022-07-03,7510,15849292,sp
2022-07-04,14012,15863304,sp
2022-07-05,16430,15879734,sp
2022-07-06,19646,15899380,sp
2022-07-07,16250,15915630,sp
2022-07-08,13372,15929002,sp
2022-07-09,7227,15936229,sp
2022-07-10,7385,15943614,sp
2022-07-11,14618,15958232,sp
2022-07-12,15827,15974059,sp
2022-07-13,15913,15989972,sp
2022-07-14,14537,16004509,sp
2022-07-15,13309,16017818,sp
2022-07-16,6510,16024328,sp
2022-07-17,7050,16031378,sp
2022-07-18,16281,16047659,sp
2022-07-19,16488,16064147,sp
2022-07-20,17925,16082072,sp
2022-07-21,15266,16097338,sp
2022-07-22,13078,16110416,sp
2022-07-23,6708,16117124,sp
2022-07-24,7192,16124316,sp
2022-07-25,15317,16139633,sp
2022-07-26,16455,16156088,sp
2022-07-27,16467,16172555,sp
2022-07-28,14804,16187359,sp
2022-07-29,11916,16199275,sp
2022-07-30,6492,16205767,sp
2022-07-31,6726,16212493,sp
2022-08-01,14938,16227431,sp
2022-08-02,14381,16241812,sp
2022-08-03,16767,16258579,sp
2022-08-04,14424,16273003,sp
2022-08-05,12535,16285538,sp
2022-08-06,6596,16292134,sp
2022-08-07,6936,16299070,sp
2022-08-08,16835,16315905,sp
2022-08-09,14244,16330149,sp
2022-08-10,14539,16344688,sp
2022-08-11,14296,16358984,sp
2022-08-12,12453,16371437,sp
2022-08-13,8199,16379636,sp
2022-08-14,9018,16388654,sp
2022-08-15,12486,16401140,sp
2022-08-16,15077,16416217,sp
2022-08-17,14871,16431088,sp
2022-08-18,15271,16446359,sp
2022-08-19,13333,16459692,sp
2022-08-20,6509,16466201,sp
2022-08-21,6976,16473177,sp
2022-08-22,15370,16488547,sp
2022-08-23,16272,16504819,sp
2022-08-24,16384,16521203,sp
2022-08-25,16260,16537463,sp
2022-08-26,13636,16551099,sp
2022-08-27,6883,16557982,sp
2022-08-28,7519,16565501,sp
2022-08-29,15050,16580551,sp
2022-08-30,16568,16597119,sp
2022-08-31,16091,16613210,sp
2022-09-01,15263,16628473,sp
2022-09-02,13899,16642372,sp
2022-09-03,6415,16648787,sp
2022-09-04,6830,16655617,sp
2022-09-05,13333,16668950,sp
2022-09-06,16863,16685813,sp
2022-09-07,15744,16701557,sp
2022-09-08,16155,16717712,sp
2022-09-09,13330,16731042,sp
2022-09-10,6920,16737962,sp
2022-09-11,7470,16745432,sp
2022-09-12,15888,16761320,sp
2022-09-13,20368,16781688,sp
2022-09-14,22541,16804229,sp
2022-09-15,17364,16821593,sp
2022-09-16,14080,16835673,sp
2022-09-17,7570,16843243,sp
2022-09-18,7951,16851194,sp
2022-09-19,17421,16868615,sp
2022-09-20,19000,16887615,sp
2022-09-21,18933,16906548,sp
2022-09-22,17471,16924019,sp
2022-09-23,14998,16939017,sp
2022-09-24,8445,16947462,sp
2022-09-25,8747,16956209,sp
2022-09-26,18993,16975202,sp
2022-09-27,20751,16995953,sp
2022-09-28,19132,17015085,sp
2022-09-29,18596,17033681,sp
2022-09-30,15534,17049215,sp
2022-10-01,7833,17057048,sp
2022-10-02,7950,17064998,sp
2022-10-03,16657,17081655,sp
2022-10-04,18549,17100204,sp
2022-10-05,18035,17118239,sp
2022-10-06,19016,17137255,sp
2022-10-07,15400,17152655,sp
2022-10-08,8333,17160988,sp
2022-10-09,8771,17169759,sp
2022-10-10,17258,17187017,sp
2022-10-11,18687,17205704,sp
2022-10-12,18117,17223821,sp
2022-10-13,18484,17242305,sp
2022-10-14,15731,17258036,sp
2022-10-15,8222,17266258,sp
2022-10-16,8439,17274697,sp
2022-10-17,18761,17293458,sp
2022-10-18,19174,17312632,sp
2022-10-19,18114,17330746,sp
2022-10-20,9298,17340044,sp
2022-10-21,7736,17347780,sp
2022-10-22,3766,17351546,sp
2022-10-23,4087,17355633,sp
2022-10-24,9437,17365070,sp
2022-10-25,10085,17375155,sp
2022-10-26,9139,17384294,sp
2022-10-27,9612,17393906,sp
2022-10-28,7314,17401220,sp
2022-10-29,4353,17405573,sp
2022-10-30,4379,17409952,sp
2022-10-31,8112,17418064,sp
2022-11-01,8422,17426486,sp
2022-11-02,9876,17436362,sp
2022-11-03,9054,17445416,sp
2022-11-04,8172,17453588,sp
2022-11-05,4636,17458224,sp
2022-11-06,4862,17463086,sp
2022-11-07,17635,17480721,sp
2022-11-08,18913,17499634,sp
2022-11-09,15786,17515420,sp
2022-11-10,14334,17529754,sp
2022-11-11,11059,17540813,sp
2022-11-12,6799,17547612,sp
2022-11-13,6617,17554229,sp
2022-11-14,12944,17567173,sp
2022-11-15,15247,17582420,sp
2022-11-16,13428,17595848,sp
2022-11-17,13080,17608928,sp
2022-11-18,11672,17620600,sp
2022-11-19,5869,17626469,sp
2022-11-20,12478,17638947,sp
2022-11-21,12520,17651467,sp
2022-11-22,12509,17663976,sp
2022-11-23,10907,17674883,sp
2022-11-24,9849,17684732,sp
2022-11-25,8463,17693195,sp
2022-11-26,5317,17698512,sp
2022-11-27,5743,17704255,sp
2022-11-28,12234,17716489,sp
2022-11-29,12215,17728704,sp
2022-11-30,11776,17740480,sp
2022-12-01,11170,17751650,sp
2022-12-02,9700,17761350,sp
2022-12-03,5417,17766767,sp
2022-12-04,5552,17772319,sp
2022-12-05,11332,17783651,sp
2022-12-06,10622,17794273,sp
2022-12-07,10131,17804404,sp
2022-12-08,9269,17813673,sp
2022-12-09,8348,17822021,sp
2022-12-10,4945,17826966,sp
2022-12-11,4922,17831888,sp
2022-12-12,9180,17841068,sp
2022-12-13,9968,17851036,sp
2022-12-14,9340,17860376,sp
2022-12-15,9143,17869519,sp
2022-12-16,7761,17877280,sp
2022-12-17,4261,17881541,sp
2022-12-18,4165,17885706,sp
2022-12-19,8577,17894283,sp
2022-12-20,8236,17902519,sp
2022-12-21,7775,17910294,sp
2022-12-22,6999,17917293,sp
2022-12-23,5151,17922444,sp
2022-12-24,3493,17925937,sp
2022-12-25,3003,17928940,sp
2022-12-26,4367,17933307,sp
2022-12-27,5191,17938498,sp
2022-12-28,5091,17943589,sp
2022-12-29,4956,17948545,sp
2022-12-30,4504,17953049,sp
2022-12-31,2813,17955862,sp
2023-01-01,3157,17959019,sp
2023-01-02,5073,17964092,sp
2023-01-03,7617,17971709,sp
2023-01-04,7987,17979696,sp
2023-01-05,7695,17987391,sp
2023-01-06,6745,17994136,sp
2023-01-07,3926,17998062,sp
2023-01-08,4056,18002118,sp
2023-01-09,8584,18010702,sp
2023-01-10,9946,18020648,sp
2023-01-11,9562,18030210,sp
2023-01-12,9297,18039507,sp
2023-01-13,7854,18047361,sp
2023-01-14,4117,18051478,sp
2023-01-15,4302,18055780,sp
2023-01-16,8494,18064274,sp
2023-01-17,9885,18074159,sp
2023-01-18,9721,18083880,sp
2023-01-19,9517,18093397,sp
2023-01-20,13250,18106647,sp
2023-01-21,5313,18111960,sp
2023-01-22,5107,18117067,sp
2023-01-23,11352,18128419,sp
2023-01-24,12770,18141189,sp
2023-01-25,11920,18153109,sp
2023-01-26,10883,18163992,sp
2023-01-27,9819,18173811,sp
2023-01-28,4860,18178671,sp
2023-01-29,5138,18183809,sp
2023-01-30,10914,18194723,sp
2023-01-31,11185,18205908,sp
2023-02-01,11136,18217044,sp
2023-02-02,11793,18228837,sp
2023-02-03,9279,18238116,sp
2023-02-04,4739,18242855,sp
2023-02-05,4680,18247535,sp
2023-02-06,10368,18257903,sp
2023-02-07,11357,18269260,sp
2023-02-08,11382,18280642,sp
2023-02-09,10525,18291167,sp
2023-02-10,8837,18300004,sp
2023-02-11,4466,18304470,sp
2023-02-12,4611,18309081,sp
2023-02-13,10462,18319543,sp
2023-02-14,10823,18330366,sp
2023-02-15,10220,18340586,sp
2023-02-16,10165,18350751,sp
2023-02-17,8609,18359360,sp
2023-02-18,4279,18363639,sp
2023-02-19,4444,18368083,sp
2023-02-20,8876,18376959,sp
2023-02-21,9968,18386927,sp
2023-02-22,9866,18396793,sp
2023-02-23,10408,18407201,sp
2023-02-24,8553,18415754,sp
2023-02-25,4251,18420005,sp
2023-02-26,4562,18424567,sp
2023-02-27,9936,18434503,sp
2023-02-28,9929,18444432,sp
2023-03-01,10575,18455007,sp
2023-03-02,10619,18465626,sp
2023-03-03,9385,18475011,sp
2023-03-04,4581,18479592,sp
2023-03-05,4457,18484049,sp
2023-03-06,10333,18494382,sp
2023-03-07,10498,18504880,sp
2023-03-08,9734,18514614,sp
2023-03-09,10605,18525219,sp
2023-03-10,9246,18534465,sp
2023-03-11,4232,18538697,sp
2023-03-12,4379,18543076,sp
2023-03-13,9922,18552998,sp
2023-03-14,10387,18563385,sp
2023-03-15,10342,18573727,sp
2023-03-16,9694,18583421,sp
2023-03-17,8892,18592313,sp
2023-03-18,4811,18597124,sp
2023-03-19,4613,18601737,sp
2023-03-20,9843,18611580,sp
2023-03-21,10746,18622326,sp
2023-03-22,10592,18632918,sp
2023-03-23,10659,18643577,sp
2023-03-24,9525,18653102,sp
2023-03-25,6466,18659568,sp
2023-03-26,6573,18666141,sp
2023-03-27,11140,18677281,sp
2023-03-28,10417,18687698,sp
2023-03-29,10112,18697810,sp
2023-03-30,9463,18707273,sp
2023-03-31,7895,18715168,sp
2023-04-01,4247,18719415,sp
2023-04-02,4153,18723568,sp
2023-04-03,8965,18732533,sp
2023-04-04,9374,18741907,sp
2023-04-05,8802,18750709,sp
2023-04-06,9060,18759769,sp
2023-04-07,6279,18766048,sp
2023-04-08,4153,18770201,sp
2023-04-09,4249,18774450,sp
2023-04-10,7774,18782224,sp
2023-04-11,10218,18792442,sp
2023-04-12,10271,18802713,sp
2023-04-13,9370,18812083,sp
2023-04-14,8110,18820193,sp
2023-04-15,4347,18824540,sp
2023-04-16,4152,18828692,sp
2023-04-17,9594,18838286,sp
2023-04-18,11002,18849288,sp
2023-04-19,10237,18859525,sp
2023-04-20,9248,18868773,sp
2023-04-21,7985,18876758,sp
2023-04-22,4572,18881330,sp
2023-04-23,5120,18886450,sp
2023-04-24,10745,18897195,sp
2023-04-25,10817,18908012,sp
2023-04-26,11246,18919258,sp
2023-04-27,10808,18930066,sp
2023-04-28,8125,18938191,sp
2023-04-29,4374,18942565,sp
2023-04-30,4252,18946817,sp
2023-05-01,6750,18953567,sp
2023-05-02,9698,18963265,sp
2023-05-03,10129,18973394,sp
2023-05-04,10087,18983481,sp
2023-05-05,8570,18992051,sp
2023-05-06,4746,18996797,sp
2023-05-07,4203,19001000,sp
2023-05-08,9465,19010465,sp
2023-05-09,9845,19020310,sp
2023-05-10,9684,19029994,sp
2023-05-11,9330,19039324,sp
2023-05-12,8587,19047911,sp
2023-05-13,4393,19052304,sp
2023-05-14,4279,19056583,sp
2023-05-15,9491,19066074,sp
2023-05-16,10303,19076377,sp
2023-05-17,9928,19086305,sp
2023-05-18,8023,19094328,sp
2023-05-19,7787,19102115,sp
2023-05-20,4066,19106181,sp
2023-05-21,4184,19110365,sp
2023-05-22,8763,19119128,sp
2023-05-23,9459,19128587,sp
2023-05-24,9431,19138018,sp
2023-05-25,8810,19146828,sp
2023-05-26,7533,19154361,sp
2023-05-27,3647,19158008,sp
2023-05-28,3879,19161887,sp
2023-05-29,6675,19168562,sp
2023-05-30,9061,19177623,sp
2023-05-31,14621,19192244,sp
2023-06-01,15350,19207594,sp
2023-06-02,11253,19218847,sp
2023-06-03,5134,19223981,sp
2023-06-04,5054,19229035,sp
2023-06-05,11817,19240852,sp
2023-06-06,12505,19253357,sp
2023-06-07,11560,19264917,sp
2023-06-08,10287,19275204,sp
2023-06-09,9079,19284283,sp
2023-06-10,4339,19288622,sp
2023-06-11,4550,19293172,sp
2023-06-12,10376,19303548,sp
2023-06-13,10790,19314338,sp
2023-06-14,10744,19325082,sp
2023-06-15,10861,19335943,sp
2023-06-16,8829,19344772,sp
2023-06-17,4338,19349110,sp
2023-06-18,4244,19353354,sp
2023-06-19,9219,19362573,sp
2023-06-20,10017,19372590,sp
2023-06-21,9299,19381889,sp
2023-06-22,14005,19395894,sp
2023-06-23,11213,19407107,sp
2023-06-24,4531,19411638,sp
2023-06-25,4893,19416531,sp
2023-06-26,10682,19427213,sp
2023-06-27,11711,19438924,sp
2023-06-28,9877,19448801,sp
2023-06-29,9506,19458307,sp
2023-06-30,7846,19466153,sp
2023-07-01,3908,19470061,sp
2023-07-02,3939,19474000,sp
2023-07-03,8787,19482787,sp
2023-07-04,8533,19491320,sp
2023-07-05,9280,19500600,sp
2023-07-06,8796,19509396,sp
2023-07-07,7785,19517181,sp
2023-07-08,3877,19521058,sp
2023-07-09,3752,19524810,sp
2023-07-10,9128,19533938,sp
2023-07-11,9282,19543220,sp
2023-07-12,9451,19552671,sp
2023-07-13,8712,19561383,sp
2023-07-14,7213,19568596,sp
2023-07-15,3652,19572248,sp
2023-07-16,3568,19575816,sp
2023-07-17,8533,19584349,sp
2023-07-18,9016,19593365,sp
2023-07-19,8897,19602262,sp
2023-07-20,8241,19610503,sp
2023-07-21,7183,19617686,sp
2023-07-22,3379,19621065,sp
2023-07-23,3517,19624582,sp
2023-07-24,7914,19632496,sp
2023-07-25,8595,19641091,sp
2023-07-26,8526,19649617,sp
2023-07-27,8179,19657796,sp
2023-07-28,7569,19665365,sp
2023-07-29,4107,19669472,sp
2023-07-30,4278,19673750,sp
2018-08-01,1342,1342,sf
2018-08-02,1312,2654,sf
2018-08-03,1291,3945,sf
2018-08-04,624,4569,sf
2018-08-05,701,5270,sf
2018-08-06,1192,6462,sf
2018-08-07,1448,7910,sf
2018-08-08,1434,9344,sf
2018-08-09,1505,10849,sf
2018-08-10,1167,12016,sf
2018-08-11,667,12683,sf
2018-08-12,518,13201,sf
2018-08-13,1411,14612,sf
2018-08-14,1486,16098,sf
2018-08-15,1190,17288,sf
2018-08-16,1294,18582,sf
2018-08-17,1120,19702,sf
2018-08-18,568,20270,sf
2018-08-19,736,21006,sf
2018-08-20,1494,22500,sf
2018-08-21,1651,24151,sf
2018-08-22,1632,25783,sf
2018-08-23,1545,27328,sf
2018-08-24,1513,28841,sf
2018-08-25,805,29646,sf
2018-08-26,691,30337,sf
2018-08-27,1280,31617,sf
2018-08-28,1515,33132,sf
2018-08-29,1480,34612,sf
2018-08-30,1709,36321,sf
2018-08-31,1193,37514,sf
2018-09-01,626,38140,sf
2018-09-02,549,38689,sf
2018-09-03,1135,39824,sf
2018-09-04,1699,41523,sf
2018-09-05,1739,43262,sf
2018-09-06,1613,44875,sf
2018-09-07,1279,46154,sf
2018-09-08,785,46939,sf
2018-09-09,750,47689,sf
2018-09-10,1505,49194,sf
2018-09-11,1638,50832,sf
2018-09-12,2184,53016,sf
2018-09-13,2141,55157,sf
2018-09-14,1863,57020,sf
2018-09-15,920,57940,sf
2018-09-16,881,58821,sf
2018-09-17,2264,61085,sf
2018-09-18,2151,63236,sf
2018-09-19,1978,65214,sf
2018-09-20,2291,67505,sf
2018-09-21,2023,69528,sf
2018-09-22,1127,70655,sf
2018-09-23,1102,71757,sf
2018-09-24,2103,73860,sf
2018-09-25,2323,76183,sf
2018-09-26,2305,78488,sf
2018-09-27,2332,80820,sf
2018-09-28,2258,83078,sf
2018-09-29,1969,85047,sf
2018-09-30,1963,87010,sf
2018-10-01,3083,90093,sf
2018-10-02,3459,93552,sf
2018-10-03,3188,96740,sf
2018-10-04,3460,100200,sf
2018-10-05,3065,103265,sf
2018-10-06,2439,105704,sf
2018-10-07,2204,107908,sf
2018-10-08,3355,111263,sf
2018-10-09,3558,114821,sf
2018-10-10,2690,117511,sf
2018-10-11,2314,119825,sf
2018-10-12,1854,121679,sf
2018-10-13,1076,122755,sf
2018-10-14,1066,123821,sf
2018-10-15,2014,125835,sf
2018-10-16,2266,128101,sf
2018-10-17,2470,130571,sf
2018-10-18,3618,134189,sf
2018-10-19,4188,138377,sf
2018-10-20,2233,140610,sf
2018-10-21,2147,142757,sf
2018-10-22,4079,146836,sf
2018-10-23,4394,151230,sf
2018-10-24,4600,155830,sf
2018-10-25,4968,160798,sf
2018-10-26,4058,164856,sf
2018-10-27,2285,167141,sf
2018-10-28,2038,169179,sf
2018-10-29,3581,172760,sf
2018-10-30,3864,176624,sf
2018-10-31,3677,180301,sf
2018-11-01,3201,183502,sf
2018-11-02,3195,186697,sf
2018-11-03,1980,188677,sf
2018-11-04,2031,190708,sf
2018-11-05,3652,194360,sf
2018-11-06,3570,197930,sf
2018-11-07,3291,201221,sf
2018-11-08,3329,204550,sf
2018-11-09,3300,207850,sf
2018-11-10,2289,210139,sf
2018-11-11,2297,212436,sf
2018-11-12,3528,215964,sf
2018-11-13,3988,219952,sf
2018-11-14,3904,223856,sf
2018-11-15,3729,227585,sf
2018-11-16,2559,230144,sf
2018-11-17,1268,231412,sf
2018-11-18,1130,232542,sf
2018-11-19,2457,234999,sf
2018-11-20,2518,237517,sf
2018-11-21,2293,239810,sf
2018-11-22,1992,241802,sf
2018-11-23,1925,243727,sf
2018-11-24,1083,244810,sf
2018-11-25,998,245808,sf
2018-11-26,7380,253188,sf
2018-11-27,19880,273068,sf
2018-11-28,6485,279553,sf
2018-11-29,6795,286348,sf
2018-11-30,2322,288670,sf
2018-12-01,1070,289740,sf
2018-12-02,988,290728,sf
2018-12-03,2372,293100,sf
2018-12-04,2582,295682,sf
2018-12-05,2596,298278,sf
2018-12-06,3405,301683,sf
2018-12-07,3274,304957,sf
2018-12-08,2164,307121,sf
2018-12-09,1525,308646,sf
2018-12-10,2529,311175,sf
2018-12-11,6460,317635,sf
2018-12-12,2369,320004,sf
2018-12-13,2359,322363,sf
2018-12-14,1811,324174,sf
2018-12-15,972,325146,sf
2018-12-16,1052,326198,sf
2018-12-17,1881,328079,sf
2018-12-18,1997,330076,sf
2018-12-19,1880,331956,sf
2018-12-20,5376,337332,sf
2018-12-21,4274,341606,sf
2018-12-22,1278,342884,sf
2018-12-23,1144,344028,sf
2018-12-24,1199,345227,sf
2018-12-25,839,346066,sf
2018-12-26,1182,347248,sf
2018-12-27,1482,348730,sf
2018-12-28,1289,350019,sf
2018-12-29,798,350817,sf
2018-12-30,814,351631,sf
2018-12-31,989,352620,sf
2019-01-01,658,353278,sf
2019-01-02,1695,354973,sf
2019-01-03,1860,356833,sf
2019-01-04,1784,358617,sf
2019-01-05,938,359555,sf
2019-01-06,944,360499,sf
2019-01-07,2244,362743,sf
2019-01-08,2374,365117,sf
2019-01-09,2299,367416,sf
2019-01-10,2324,369740,sf
2019-01-11,2009,371749,sf
2019-01-12,1059,372808,sf
2019-01-13,1183,373991,sf
2019-01-14,2206,376197,sf
2019-01-15,2522,378719,sf
2019-01-16,2557,381276,sf
2019-01-17,2313,383589,sf
2019-01-18,2226,385815,sf
2019-01-19,1056,386871,sf
2019-01-20,1044,387915,sf
2019-01-21,2087,390002,sf
2019-01-22,2665,392667,sf
2019-01-23,3043,395710,sf
2019-01-24,2495,398205,sf
2019-01-25,2233,400438,sf
2019-01-26,1213,401651,sf
2019-01-27,1017,402668,sf
2019-01-28,2282,404950,sf
2019-01-29,2667,407617,sf
2019-01-30,2677,410294,sf
2019-01-31,2720,413014,sf
2019-02-01,2517,415531,sf
2019-02-02,1287,416818,sf
2019-02-03,1332,418150,sf
2019-02-04,2276,420426,sf
2019-02-05,2557,422983,sf
2019-02-06,2714,425697,sf
2019-02-07,2561,428258,sf
2019-02-08,2180,430438,sf
2019-02-09,1198,431636,sf
2019-02-10,1290,432926,sf
2019-02-11,2705,435631,sf
2019-02-12,2853,438484,sf
2019-02-13,3750,442234,sf
2019-02-14,3832,446066,sf
2019-02-15,3701,449767,sf
2019-02-16,1774,451541,sf
2019-02-17,1650,453191,sf
2019-02-18,3763,456954,sf
2019-02-19,3787,460741,sf
2019-02-20,3754,464495,sf
2019-02-21,4995,469490,sf
2019-02-22,5654,475144,sf
2019-02-23,2585,477729,sf
2019-02-24,2489,480218,sf
2019-02-25,5312,485530,sf
2019-02-26,4953,490483,sf
2019-02-27,4730,495213,sf
2019-02-28,4679,499892,sf
2019-03-01,4261,504153,sf
2019-03-02,1951,506104,sf
2019-03-03,1850,507954,sf
2019-03-04,3941,511895,sf
2019-03-05,4301,516196,sf
2019-03-06,4370,520566,sf
2019-03-07,4425,524991,sf
2019-03-08,3852,528843,sf
2019-03-09,1824,530667,sf
2019-03-10,1776,532443,sf
2019-03-11,4298,536741,sf
2019-03-12,4766,541507,sf
2019-03-13,5016,546523,sf
2019-03-14,4500,551023,sf
2019-03-15,4348,555371,sf
2019-03-16,2172,557543,sf
2019-03-17,2034,559577,sf
2019-03-18,4561,564138,sf
2019-03-19,4891,569029,sf
2019-03-20,4653,573682,sf
2019-03-21,4677,578359,sf
2019-03-22,4054,582413,sf
2019-03-23,2432,584845,sf
2019-03-24,2095,586940,sf
2019-03-25,5158,592098,sf
2019-03-26,4693,596791,sf
2019-03-27,4860,601651,sf
2019-03-28,4712,606363,sf
2019-03-29,3963,610326,sf
2019-03-30,2081,612407,sf
2019-03-31,2236,614643,sf
2019-04-01,4703,619346,sf
2019-04-02,4330,623676,sf
2019-04-03,4666,628342,sf
2019-04-04,4310,632652,sf
2019-04-05,3922,636574,sf
2019-04-06,1927,638501,sf
2019-04-07,1973,640474,sf
2019-04-08,4320,644794,sf
2019-04-09,4533,649327,sf
2019-04-10,4506,653833,sf
2019-04-11,4744,658577,sf
2019-04-12,3716,662293,sf
2019-04-13,2139,664432,sf
2019-04-14,2207,666639,sf
2019-04-15,4417,671056,sf
2019-04-16,4234,675290,sf
2019-04-17,4602,679892,sf
2019-04-18,3876,683768,sf
2019-04-19,3156,686924,sf
2019-04-20,1881,688805,sf
2019-04-21,1582,690387,sf
2019-04-22,3376,693763,sf
2019-04-23,4050,697813,sf
2019-04-24,4339,702152,sf
2019-04-25,4220,706372,sf
2019-04-26,6205,712577,sf
2019-04-27,2864,715441,sf
2019-04-28,2802,718243,sf
2019-04-29,5686,723929,sf
2019-04-30,5363,729292,sf
2019-05-01,4255,733547,sf
2019-05-02,5406,738953,sf
2019-05-03,4562,743515,sf
2019-05-04,2316,745831,sf
2019-05-05,2275,748106,sf
2019-05-06,4646,752752,sf
2019-05-07,5085,757837,sf
2019-05-08,4797,762634,sf
2019-05-09,4871,767505,sf
2019-05-10,4090,771595,sf
2019-05-11,2175,773770,sf
2019-05-12,2040,775810,sf
2019-05-13,4350,780160,sf
2019-05-14,4399,784559,sf
2019-05-15,4405,788964,sf
2019-05-16,4554,793518,sf
2019-05-17,3880,797398,sf
2019-05-18,2261,799659,sf
2019-05-19,1946,801605,sf
2019-05-20,4510,806115,sf
2019-05-21,4490,810605,sf
2019-05-22,4416,815021,sf
2019-05-23,4413,819434,sf
2019-05-24,3794,823228,sf
2019-05-25,2019,825247,sf
2019-05-26,1905,827152,sf
2019-05-27,3882,831034,sf
2019-05-28,4414,835448,sf
2019-05-29,4201,839649,sf
2019-05-30,3858,843507,sf
2019-05-31,3526,847033,sf
2019-06-01,2007,849040,sf
2019-06-02,1902,850942,sf
2019-06-03,3914,854856,sf
2019-06-04,4397,859253,sf
2019-06-05,4455,863708,sf
2019-06-06,4976,868684,sf
2019-06-07,4451,873135,sf
2019-06-08,2755,875890,sf
2019-06-09,2774,878664,sf
2019-06-10,4149,882813,sf
2019-06-11,4464,887277,sf
2019-06-12,4288,891565,sf
2019-06-13,3983,895548,sf
2019-06-14,3698,899246,sf
2019-06-15,1969,901215,sf
2019-06-16,2007,903222,sf
2019-06-17,4107,907329,sf
2019-06-18,4386,911715,sf
2019-06-19,4053,915768,sf
2019-06-20,3844,919612,sf
2019-06-21,3715,923327,sf
2019-06-22,2145,925472,sf
2019-06-23,1801,927273,sf
2019-06-24,3730,931003,sf
2019-06-25,4257,935260,sf
2019-06-26,3656,938916,sf
2019-06-27,3713,942629,sf
2019-06-28,3752,946381,sf
2019-06-29,1842,948223,sf
2019-06-30,1822,950045,sf
2019-07-01,3775,953820,sf
2019-07-02,3840,957660,sf
2019-07-03,4995,962655,sf
2019-07-04,5405,968060,sf
2019-07-05,4904,972964,sf
2019-07-06,2916,975880,sf
2019-07-07,2862,978742,sf
2019-07-08,6143,984885,sf
2019-07-09,5332,990217,sf
2019-07-10,4949,995166,sf
2019-07-11,4459,999625,sf
2019-07-12,3816,1003441,sf
2019-07-13,1904,1005345,sf
2019-07-14,1740,1007085,sf
2019-07-15,3530,1010615,sf
2019-07-16,3872,1014487,sf
2019-07-17,4001,1018488,sf
2019-07-18,3626,1022114,sf
2019-07-19,3154,1025268,sf
2019-07-20,1461,1026729,sf
2019-07-21,1435,1028164,sf
2019-07-22,3594,1031758,sf
2019-07-23,3908,1035666,sf
2019-07-24,5142,1040808,sf
2019-07-25,5526,1046334,sf
2019-07-26,4739,1051073,sf
2019-07-27,2245,1053318,sf
2019-07-28,1903,1055221,sf
2019-07-29,4311,1059532,sf
2019-07-30,4247,1063779,sf
2019-07-31,4089,1067868,sf
2019-08-01,3839,1071707,sf
2019-08-02,3399,1075106,sf
2019-08-03,1539,1076645,sf
2019-08-04,1457,1078102,sf
2019-08-05,3786,1081888,sf
2019-08-06,4062,1085950,sf
2019-08-07,4079,1090029,sf
2019-08-08,3596,1093625,sf
2019-08-09,3187,1096812,sf
2019-08-10,1473,1098285,sf
2019-08-11,1463,1099748,sf
2019-08-12,3533,1103281,sf
2019-08-13,3587,1106868,sf
2019-08-14,3597,1110465,sf
2019-08-15,3201,1113666,sf
2019-08-16,2840,1116506,sf
2019-08-17,1623,1118129,sf
2019-08-18,1555,1119684,sf
2019-08-19,3503,1123187,sf
2019-08-20,3851,1127038,sf
2019-08-21,3901,1130939,sf
2019-08-22,3519,1134458,sf
2019-08-23,3555,1138013,sf
2019-08-24,1601,1139614,sf
2019-08-25,1550,1141164,sf
2019-08-26,3958,1145122,sf
2019-08-27,3964,1149086,sf
2019-08-28,4019,1153105,sf
2019-08-29,3705,1156810,sf
2019-08-30,3486,1160296,sf
2019-08-31,1748,1162044,sf
2019-09-01,1542,1163586,sf
2019-09-02,2976,1166562,sf
2019-09-03,4231,1170793,sf
2019-09-04,4313,1175106,sf
2019-09-05,4259,1179365,sf
2019-09-06,3831,1183196,sf
2019-09-07,1880,1185076,sf
2019-09-08,1684,1186760,sf
2019-09-09,4135,1190895,sf
2019-09-10,4405,1195300,sf
2019-09-11,4531,1199831,sf
2019-09-12,4139,1203970,sf
2019-09-13,3808,1207778,sf
2019-09-14,1798,1209576,sf
2019-09-15,1545,1211121,sf
2019-09-16,4135,1215256,sf
2019-09-17,7359,1222615,sf
2019-09-18,6998,1229613,sf
2019-09-19,6186,1235799,sf
2019-09-20,4747,1240546,sf
2019-09-21,2284,1242830,sf
2019-09-22,2465,1245295,sf
2019-09-23,5034,1250329,sf
2019-09-24,4954,1255283,sf
2019-09-25,5230,1260513,sf
2019-09-26,4989,1265502,sf
2019-09-27,4131,1269633,sf
2019-09-28,1970,1271603,sf
2019-09-29,1893,1273496,sf
2019-09-30,4557,1278053,sf
2019-10-01,5046,1283099,sf
2019-10-02,5117,1288216,sf
2019-10-03,4680,1292896,sf
2019-10-04,4277,1297173,sf
2019-10-05,2176,1299349,sf
2019-10-06,1978,1301327,sf
2019-10-07,4453,1305780,sf
2019-10-08,4951,1310731,sf
2019-10-09,4817,1315548,sf
2019-10-10,4991,1320539,sf
2019-10-11,3968,1324507,sf
2019-10-12,1936,1326443,sf
2019-10-13,1868,1328311,sf
2019-10-14,4024,1332335,sf
2019-10-15,4553,1336888,sf
2019-10-16,4546,1341434,sf
2019-10-17,4693,1346127,sf
2019-10-18,4262,1350389,sf
2019-10-19,2012,1352401,sf
2019-10-20,1661,1354062,sf
2019-10-21,4457,1358519,sf
2019-10-22,4904,1363423,sf
2019-10-23,4854,1368277,sf
2019-10-24,4848,1373125,sf
2019-10-25,4110,1377235,sf
2019-10-26,1839,1379074,sf
2019-10-27,1754,1380828,sf
2019-10-28,4728,1385556,sf
2019-10-29,6260,1391816,sf
2019-10-30,6445,1398261,sf
2019-10-31,6187,1404448,sf
2019-11-01,4775,1409223,sf
2019-11-02,3380,1412603,sf
2019-11-03,3300,1415903,sf
2019-11-04,6014,1421917,sf
2019-11-05,5621,1427538,sf
2019-11-06,4854,1432392,sf
2019-11-07,5003,1437395,sf
2019-11-08,3893,1441288,sf
2019-11-09,1879,1443167,sf
2019-11-10,1898,1445065,sf
2019-11-11,4137,1449202,sf
2019-11-12,5275,1454477,sf
2019-11-13,4980,1459457,sf
2019-11-14,5246,1464703,sf
2019-11-15,4255,1468958,sf
2019-11-16,2118,1471076,sf
2019-11-17,2084,1473160,sf
2019-11-18,4629,1477789,sf
2019-11-19,5314,1483103,sf
2019-11-20,5001,1488104,sf
2019-11-21,5011,1493115,sf
2019-11-22,4106,1497221,sf
2019-11-23,1949,1499170,sf
2019-11-24,1957,1501127,sf
2019-11-25,4434,1505561,sf
2019-11-26,4946,1510507,sf
2019-11-27,4329,1514836,sf
2019-11-28,3911,1518747,sf
2019-11-29,3081,1521828,sf
2019-11-30,2033,1523861,sf
2019-12-01,1906,1525767,sf
2019-12-02,4246,1530013,sf
2019-12-03,4705,1534718,sf
2019-12-04,4474,1539192,sf
2019-12-05,4194,1543386,sf
2019-12-06,3771,1547157,sf
2019-12-07,1781,1548938,sf
2019-12-08,1799,1550737,sf
2019-12-09,4089,1554826,sf
2019-12-10,4175,1559001,sf
2019-12-11,4234,1563235,sf
2019-12-12,4266,1567501,sf
2019-12-13,4017,1571518,sf
2019-12-14,1937,1573455,sf
2019-12-15,1744,1575199,sf
2019-12-16,3409,1578608,sf
2019-12-17,4046,1582654,sf
2019-12-18,3605,1586259,sf
2019-12-19,3559,1589818,sf
2019-12-20,2838,1592656,sf
2019-12-21,1387,1594043,sf
2019-12-22,1508,1595551,sf
2019-12-23,2275,1597826,sf
2019-12-24,1634,1599460,sf
2019-12-25,1298,1600758,sf
2019-12-26,1704,1602462,sf
2019-12-27,1680,1604142,sf
2019-12-28,1346,1605488,sf
2019-12-29,1302,1606790,sf
2019-12-30,1808,1608598,sf
2019-12-31,1472,1610070,sf
2020-01-01,1129,1611199,sf
2020-01-02,2158,1613357,sf
2020-01-03,2403,1615760,sf
2020-01-04,1543,1617303,sf
2020-01-05,1521,1618824,sf
2020-01-06,3094,1621918,sf
2020-01-07,3684,1625602,sf
2020-01-08,3811,1629413,sf
2020-01-09,3837,1633250,sf
2020-01-10,3345,1636595,sf
2020-01-11,1773,1638368,sf
2020-01-12,1800,1640168,sf
2020-01-13,3808,1643976,sf
2020-01-14,4171,1648147,sf
2020-01-15,4362,1652509,sf
2020-01-16,4134,1656643,sf
2020-01-17,3561,1660204,sf
2020-01-18,1588,1661792,sf
2020-01-19,1571,1663363,sf
2020-01-20,2992,1666355,sf
2020-01-21,3797,1670152,sf
2020-01-22,3923,1674075,sf
2020-01-23,3987,1678062,sf
2020-01-24,3490,1681552,sf
2020-01-25,1820,1683372,sf
2020-01-26,1818,1685190,sf
2020-01-27,3843,1689033,sf
2020-01-28,6439,1695472,sf
2020-01-29,7995,1703467,sf
2020-01-30,6891,1710358,sf
2020-01-31,5810,1716168,sf
2020-02-01,2635,1718803,sf
2020-02-02,2580,1721383,sf
2020-02-03,5288,1726671,sf
2020-02-04,5291,1731962,sf
2020-02-05,5364,1737326,sf
2020-02-06,9518,1746844,sf
2020-02-07,6304,1753148,sf
2020-02-08,2179,1755327,sf
2020-02-09,2381,1757708,sf
2020-02-10,5142,1762850,sf
2020-02-11,5139,1767989,sf
2020-02-12,5128,1773117,sf
2020-02-13,5111,1778228,sf
2020-02-14,4083,1782311,sf
2020-02-15,2029,1784340,sf
2020-02-16,2169,1786509,sf
2020-02-17,4376,1790885,sf
2020-02-18,5159,1796044,sf
2020-02-19,4890,1800934,sf
2020-02-20,4802,1805736,sf
2020-02-21,3948,1809684,sf
2020-02-22,2177,1811861,sf
2020-02-23,2106,1813967,sf
2020-02-24,4328,1818295,sf
2020-02-25,4417,1822712,sf
2020-02-26,4237,1826949,sf
2020-02-27,4410,1831359,sf
2020-02-28,4010,1835369,sf
2020-02-29,636,1836005,sf
2020-03-01,2063,1838068,sf
2020-03-02,6912,1844980,sf
2020-03-03,13848,1858828,sf
2020-03-04,13439,1872267,sf
2020-03-05,14513,1886780,sf
2020-03-06,15924,1902704,sf
2020-03-07,15084,1917788,sf
2020-03-08,18360,1936148,sf
2020-03-09,22968,1959116,sf
2020-03-10,22503,1981619,sf
2020-03-11,22646,2004265,sf
2020-03-12,21757,2026022,sf
2020-03-13,21676,2047698,sf
2020-03-14,24777,2072475,sf
2020-03-15,25938,2098413,sf
2020-03-16,27707,2126120,sf
2020-03-17,27265,2153385,sf
2020-03-18,26985,2180370,sf
2020-03-19,26612,2206982,sf
2020-03-20,25575,2232557,sf
2020-03-21,26121,2258678,sf
2020-03-22,25809,2284487,sf
2020-03-23,23961,2308448,sf
2020-03-24,25455,2333903,sf
2020-03-25,26482,2360385,sf
2020-03-26,26973,2387358,sf
2020-03-27,27585,2414943,sf
2020-03-28,27706,2442649,sf
2020-03-29,27740,2470389,sf
2020-03-30,27052,2497441,sf
2020-03-31,28153,2525594,sf
2020-04-01,28199,2553793,sf
2020-04-02,27484,2581277,sf
2020-04-03,27265,2608542,sf
2020-04-04,26573,2635115,sf
2020-04-05,26606,2661721,sf
2020-04-06,26874,2688595,sf
2020-04-07,29960,2718555,sf
2020-04-08,29771,2748326,sf
2020-04-09,29028,2777354,sf
2020-04-10,28274,2805628,sf
2020-04-11,32449,2838077,sf
2020-04-12,25957,2864034,sf
2020-04-13,28760,2892794,sf
2020-04-14,27354,2920148,sf
2020-04-15,28527,2948675,sf
2020-04-16,26852,2975527,sf
2020-04-17,27402,3002929,sf
2020-04-18,26835,3029764,sf
2020-04-19,24680,3054444,sf
2020-04-20,26482,3080926,sf
2020-04-21,26233,3107159,sf
2020-04-22,25119,3132278,sf
2020-04-23,26374,3158652,sf
2020-04-24,27582,3186234,sf
2020-04-25,22808,3209042,sf
2020-04-26,22767,3231809,sf
2020-04-27,23077,3254886,sf
2020-04-28,24382,3279268,sf
2020-04-29,25214,3304482,sf
2020-04-30,27099,3331581,sf
2020-05-01,23337,3354918,sf
2020-05-02,25415,3380333,sf
2020-05-03,25358,3405691,sf
2020-05-04,23748,3429439,sf
2020-05-05,27359,3456798,sf
2020-05-06,25837,3482635,sf
2020-05-07,26024,3508659,sf
2020-05-08,26192,3534851,sf
2020-05-09,25195,3560046,sf
2020-05-10,21560,3581606,sf
2020-05-11,23611,3605217,sf
2020-05-12,25771,3630988,sf
2020-05-13,26104,3657092,sf
2020-05-14,23993,3681085,sf
2020-05-15,23708,3704793,sf
2020-05-16,20572,3725365,sf
2020-05-17,25421,3750786,sf
2020-05-18,24539,3775325,sf
2020-05-19,22037,3797362,sf
2020-05-20,21364,3818726,sf
2020-05-21,21284,3840010,sf
2020-05-22,21577,3861587,sf
2020-05-23,24719,3886306,sf
2020-05-24,24423,3910729,sf
2020-05-25,21535,3932264,sf
2020-05-26,22801,3955065,sf
2020-05-27,23819,3978884,sf
2020-05-28,22690,4001574,sf
2020-05-29,25350,4026924,sf
2020-05-30,24295,4051219,sf
2020-05-31,24754,4075973,sf
2020-06-01,22454,4098427,sf
2020-06-02,25472,4123899,sf
2020-06-03,25397,4149296,sf
2020-06-04,22730,4172026,sf
2020-06-05,23580,4195606,sf
2020-06-06,22567,4218173,sf
2020-06-07,21724,4239897,sf
2020-06-08,23803,4263700,sf
2020-06-09,23833,4287533,sf
2020-06-10,23687,4311220,sf
2020-06-11,24616,4335836,sf
2020-06-12,21869,4357705,sf
2020-06-13,25582,4383287,sf
2020-06-14,25619,4408906,sf
2020-06-15,27059,4435965,sf
2020-06-16,26912,4462877,sf
2020-06-17,24786,4487663,sf
2020-06-18,33747,4521410,sf
2020-06-19,30494,4551904,sf
2020-06-20,24956,4576860,sf
2020-06-21,24739,4601599,sf
2020-06-22,23679,4625278,sf
2020-06-23,25130,4650408,sf
2020-06-24,21935,4672343,sf
2020-06-25,23189,4695532,sf
2020-06-26,24250,4719782,sf
2020-06-27,21780,4741562,sf
2020-06-28,21928,4763490,sf
2020-06-29,24138,4787628,sf
2020-06-30,25815,4813443,sf
2020-07-01,22742,4836185,sf
2020-07-02,24017,4860202,sf
2020-07-03,23897,4884099,sf
2020-07-04,21354,4905453,sf
2020-07-05,23556,4929009,sf
2020-07-06,24359,4953368,sf
2020-07-07,24157,4977525,sf
2020-07-08,24626,5002151,sf
2020-07-09,24846,5026997,sf
2020-07-10,24468,5051465,sf
2020-07-11,20924,5072389,sf
2020-07-12,23186,5095575,sf
2020-07-13,23083,5118658,sf
2020-07-14,27186,5145844,sf
2020-07-15,27877,5173721,sf
2020-07-16,24682,5198403,sf
2020-07-17,24314,5222717,sf
2020-07-18,23838,5246555,sf
2020-07-19,21927,5268482,sf
2020-07-20,25637,5294119,sf
2020-07-21,24219,5318338,sf
2020-07-22,22725,5341063,sf
2020-07-23,24563,5365626,sf
2020-07-24,23755,5389381,sf
2020-07-25,23781,5413162,sf
2020-07-26,24021,5437183,sf
2020-07-27,22661,5459844,sf
2020-07-28,23069,5482913,sf
2020-07-29,21719,5504632,sf
2020-07-30,22378,5527010,sf
2020-07-31,21966,5548976,sf
2020-08-01,22257,5571233,sf
2020-08-02,20727,5591960,sf
2020-08-03,24698,5616658,sf
2020-08-04,24268,5640926,sf
2020-08-05,24343,5665269,sf
2020-08-06,22970,5688239,sf
2020-08-07,22864,5711103,sf
2020-08-08,21409,5732512,sf
2020-08-09,21778,5754290,sf
2020-08-10,22016,5776306,sf
2020-08-11,24152,5800458,sf
2020-08-12,22133,5822591,sf
2020-08-13,23993,5846584,sf
2020-08-14,21205,5867789,sf
2020-08-15,20623,5888412,sf
2020-08-16,24110,5912522,sf
2020-08-17,21827,5934349,sf
2020-08-18,23857,5958206,sf
2020-08-19,21997,5980203,sf
2020-08-20,20927,6001130,sf
2020-08-21,21400,6022530,sf
2020-08-22,20908,6043438,sf
2020-08-23,20279,6063717,sf
2020-08-24,23801,6087518,sf
2020-08-25,22958,6110476,sf
2020-08-26,21586,6132062,sf
2020-08-27,21041,6153103,sf
2020-08-28,19818,6172921,sf
2020-08-29,19791,6192712,sf
2020-08-30,19930,6212642,sf
2020-08-31,20417,6233059,sf
2020-09-01,19785,6252844,sf
2020-09-02,21302,6274146,sf
2020-09-03,21663,6295809,sf
2020-09-04,19630,6315439,sf
2020-09-05,19492,6334931,sf
2020-09-06,19551,6354482,sf
2020-09-07,21174,6375656,sf
2020-09-08,21692,6397348,sf
2020-09-09,22376,6419724,sf
2020-09-10,22794,6442518,sf
2020-09-11,21668,6464186,sf
2020-09-12,18593,6482779,sf
2020-09-13,19496,6502275,sf
2020-09-14,24709,6526984,sf
2020-09-15,19054,6546038,sf
2020-09-16,9794,6555832,sf
2020-09-17,21126,6576958,sf
2020-09-18,27263,6604221,sf
2020-09-19,24720,6628941,sf
2020-09-20,25148,6654089,sf
2020-09-21,28218,6682307,sf
2020-09-22,27881,6710188,sf
2020-09-23,26647,6736835,sf
2020-09-24,26972,6763807,sf
2020-09-25,26199,6790006,sf
2020-09-26,24443,6814449,sf
2020-09-27,24437,6838886,sf
2020-09-28,27032,6865918,sf
2020-09-29,27431,6893349,sf
2020-09-30,27841,6921190,sf
2020-10-01,27475,6948665,sf
2020-10-02,27461,6976126,sf
2020-10-03,24114,7000240,sf
2020-10-04,24741,7024981,sf
2020-10-05,27638,7052619,sf
2020-10-06,27941,7080560,sf
2020-10-07,28338,7108898,sf
2020-10-08,28101,7136999,sf
2020-10-09,25129,7162128,sf
2020-10-10,25003,7187131,sf
2020-10-11,26225,7213356,sf
2020-10-12,28347,7241703,sf
2020-10-13,27791,7269494,sf
2020-10-14,28911,7298405,sf
2020-10-15,29115,7327520,sf
2020-10-16,27715,7355235,sf
2020-10-17,25401,7380636,sf
2020-10-18,24824,7405460,sf
2020-10-19,28018,7433478,sf
2020-10-20,28570,7462048,sf
2020-10-21,28380,7490428,sf
2020-10-22,27281,7517709,sf
2020-10-23,26997,7544706,sf
2020-10-24,25009,7569715,sf
2020-10-25,22844,7592559,sf
2020-10-26,27982,7620541,sf
2020-10-27,27885,7648426,sf
2020-10-28,26734,7675160,sf
2020-10-29,28330,7703490,sf
2020-10-30,28144,7731634,sf
2020-10-31,25739,7757373,sf
2020-11-01,25852,7783225,sf
2020-11-02,27314,7810539,sf
2020-11-03,27339,7837878,sf
2020-11-04,28074,7865952,sf
2020-11-05,27714,7893666,sf
2020-11-06,26989,7920655,sf
2020-11-07,25147,7945802,sf
2020-11-08,25458,7971260,sf
2020-11-09,27157,7998417,sf
2020-11-10,26245,8024662,sf
2020-11-11,26774,8051436,sf
2020-11-12,26290,8077726,sf
2020-11-13,25747,8103473,sf
2020-11-14,23656,8127129,sf
2020-11-15,23623,8150752,sf
2020-11-16,25579,8176331,sf
2020-11-17,26831,8203162,sf
2020-11-18,26514,8229676,sf
2020-11-19,26655,8256331,sf
2020-11-20,25456,8281787,sf
2020-11-21,23558,8305345,sf
2020-11-22,19966,8325311,sf
2020-11-23,26663,8351974,sf
2020-11-24,26760,8378734,sf
2020-11-25,21774,8400508,sf
2020-11-26,25839,8426347,sf
2020-11-27,26203,8452550,sf
2020-11-28,24311,8476861,sf
2020-11-29,24774,8501635,sf
2020-11-30,27625,8529260,sf
2020-12-01,27223,8556483,sf
2020-12-02,12655,8569138,sf
2020-12-03,5461,8574599,sf
2020-12-04,4857,8579456,sf
2020-12-05,2885,8582341,sf
2020-12-06,2662,8585003,sf
2020-12-07,5019,8590022,sf
2020-12-08,4820,8594842,sf
2020-12-09,5009,8599851,sf
2020-12-10,4720,8604571,sf
2020-12-11,4246,8608817,sf
2020-12-12,2704,8611521,sf
2020-12-13,2378,8613899,sf
2020-12-14,5095,8618994,sf
2020-12-15,5231,8624225,sf
2020-12-16,4566,8628791,sf
2020-12-17,4734,8633525,sf
2020-12-18,3862,8637387,sf
2020-12-19,2298,8639685,sf
2020-12-20,2236,8641921,sf
2020-12-21,4111,8646032,sf
2020-12-22,3703,8649735,sf
2020-12-23,2895,8652630,sf
2020-12-24,1872,8654502,sf
2020-12-25,1425,8655927,sf
2020-12-26,1753,8657680,sf
2020-12-27,1692,8659372,sf
2020-12-28,3301,8662673,sf
2020-12-29,2941,8665614,sf
2020-12-30,3124,8668738,sf
2020-12-31,2180,8670918,sf
2021-01-01,1637,8672555,sf
2021-01-02,2056,8674611,sf
2021-01-03,2160,8676771,sf
2021-01-04,4249,8681020,sf
2021-01-05,4253,8685273,sf
2021-01-06,6810,8692083,sf
2021-01-07,7258,8699341,sf
2021-01-08,5870,8705211,sf
2021-01-09,3532,8708743,sf
2021-01-10,3376,8712119,sf
2021-01-11,6142,8718261,sf
2021-01-12,6449,8724710,sf
2021-01-13,6391,8731101,sf
2021-01-14,5620,8736721,sf
2021-01-15,21660,8758381,sf
2021-01-16,62398,8820779,sf
2021-01-17,65907,8886686,sf
2021-01-18,68910,8955596,sf
2021-01-19,40044,8995640,sf
2021-01-20,10291,9005931,sf
2021-01-21,11210,9017141,sf
2021-01-22,9655,9026796,sf
2021-01-23,7538,9034334,sf
2021-01-24,7424,9041758,sf
2021-01-25,10058,9051816,sf
2021-01-26,9898,9061714,sf
2021-01-27,9760,9071474,sf
2021-01-28,9733,9081207,sf
2021-01-29,6214,9087421,sf
2021-01-30,3768,9091189,sf
2021-01-31,3631,9094820,sf
2021-02-01,6625,9101445,sf
2021-02-02,6665,9108110,sf
2021-02-03,6916,9115026,sf
2021-02-04,6380,9121406,sf
2021-02-05,6019,9127425,sf
2021-02-06,3720,9131145,sf
2021-02-07,3739,9134884,sf
2021-02-08,6788,9141672,sf
2021-02-09,7926,9149598,sf
2021-02-10,7741,9157339,sf
2021-02-11,8584,9165923,sf
2021-02-12,7804,9173727,sf
2021-02-13,6238,9179965,sf
2021-02-14,6448,9186413,sf
2021-02-15,12241,9198654,sf
2021-02-16,16526,9215180,sf
2021-02-17,8787,9223967,sf
2021-02-18,9302,9233269,sf
2021-02-19,8333,9241602,sf
2021-02-20,6306,9247908,sf
2021-02-21,6264,9254172,sf
2021-02-22,9348,9263520,sf
2021-02-23,9259,9272779,sf
2021-02-24,9332,9282111,sf
2021-02-25,9276,9291387,sf
2021-02-26,8996,9300383,sf
2021-02-27,6697,9307080,sf
2021-02-28,7185,9314265,sf
2021-03-01,16116,9330381,sf
2021-03-02,17683,9348064,sf
2021-03-03,31171,9379235,sf
2021-03-04,41281,9420516,sf
2021-03-05,42328,9462844,sf
2021-03-06,40483,9503327,sf
2021-03-07,40962,9544289,sf
2021-03-08,43962,9588251,sf
2021-03-09,44308,9632559,sf
2021-03-10,44233,9676792,sf
2021-03-11,44150,9720942,sf
2021-03-12,43905,9764847,sf
2021-03-13,40233,9805080,sf
2021-03-14,39967,9845047,sf
2021-03-15,43267,9888314,sf
2021-03-16,59222,9947536,sf
2021-03-17,75082,10022618,sf
2021-03-18,75679,10098297,sf
2021-03-19,82148,10180445,sf
2021-03-20,85217,10265662,sf
2021-03-21,72428,10338090,sf
2021-03-22,69055,10407145,sf
2021-03-23,72878,10480023,sf
2021-03-24,57081,10537104,sf
2021-03-25,41508,10578612,sf
2021-03-26,37345,10615957,sf
2021-03-27,31660,10647617,sf
2021-03-28,30488,10678105,sf
2021-03-29,33431,10711536,sf
2021-03-30,32929,10744465,sf
2021-03-31,32525,10776990,sf
2021-04-01,31745,10808735,sf
2021-04-02,30728,10839463,sf
2021-04-03,28019,10867482,sf
2021-04-04,27257,10894739,sf
2021-04-05,29657,10924396,sf
2021-04-06,30718,10955114,sf
2021-04-07,31183,10986297,sf
2021-04-08,30871,11017168,sf
2021-04-09,31931,11049099,sf
2021-04-10,29837,11078936,sf
2021-04-11,32594,11111530,sf
2021-04-12,35821,11147351,sf
2021-04-13,36133,11183484,sf
2021-04-14,35959,11219443,sf
2021-04-15,35842,11255285,sf
2021-04-16,34991,11290276,sf
2021-04-17,31389,11321665,sf
2021-04-18,31182,11352847,sf
2021-04-19,33750,11386597,sf
2021-04-20,33613,11420210,sf
2021-04-21,33793,11454003,sf
2021-04-22,33594,11487597,sf
2021-04-23,32065,11519662,sf
2021-04-24,30226,11549888,sf
2021-04-25,31165,11581053,sf
2021-04-26,34083,11615136,sf
2021-04-27,33064,11648200,sf
2021-04-28,33763,11681963,sf
2021-04-29,33252,11715215,sf
2021-04-30,32622,11747837,sf
2021-05-01,30814,11778651,sf
2021-05-02,31111,11809762,sf
2021-05-03,33506,11843268,sf
2021-05-04,34028,11877296,sf
2021-05-05,33610,11910906,sf
2021-05-06,34381,11945287,sf
2021-05-07,34294,11979581,sf
2021-05-08,31983,12011564,sf
2021-05-09,31843,12043407,sf
2021-05-10,34604,12078011,sf
2021-05-11,34461,12112472,sf
2021-05-12,34116,12146588,sf
2021-05-13,34089,12180677,sf
2021-05-14,33448,12214125,sf
2021-05-15,31625,12245750,sf
2021-05-16,31854,12277604,sf
2021-05-17,34147,12311751,sf
2021-05-18,34839,12346590,sf
2021-05-19,34761,12381351,sf
2021-05-20,34964,12416315,sf
2021-05-21,34403,12450718,sf
2021-05-22,31741,12482459,sf
2021-05-23,31445,12513904,sf
2021-05-24,33640,12547544,sf
2021-05-25,34542,12582086,sf
2021-05-26,34896,12616982,sf
2021-05-27,34201,12651183,sf
2021-05-28,33746,12684929,sf
2021-05-29,30992,12715921,sf
2021-05-30,31421,12747342,sf
2021-05-31,33653,12780995,sf
2021-06-01,34083,12815078,sf
2021-06-02,34338,12849416,sf
2021-06-03,34207,12883623,sf
2021-06-04,33553,12917176,sf
2021-06-05,31177,12948353,sf
2021-06-06,31499,12979852,sf
2021-06-07,33826,13013678,sf
2021-06-08,34387,13048065,sf
2021-06-09,35155,13083220,sf
2021-06-10,37493,13120713,sf
2021-06-11,36252,13156965,sf
2021-06-12,32503,13189468,sf
2021-06-13,32157,13221625,sf
2021-06-14,35659,13257284,sf
2021-06-15,35968,13293252,sf
2021-06-16,34482,13327734,sf
2021-06-17,34347,13362081,sf
2021-06-18,33149,13395230,sf
2021-06-19,30924,13426154,sf
2021-06-20,31240,13457394,sf
2021-06-21,33515,13490909,sf
2021-06-22,35721,13526630,sf
2021-06-23,33946,13560576,sf
2021-06-24,33747,13594323,sf
2021-06-25,33255,13627578,sf
2021-06-26,31275,13658853,sf
2021-06-27,31307,13690160,sf
2021-06-28,33885,13724045,sf
2021-06-29,36657,13760702,sf
2021-06-30,36176,13796878,sf
2021-07-01,36356,13833234,sf
2021-07-02,38673,13871907,sf
2021-07-03,31568,13903475,sf
2021-07-04,31828,13935303,sf
2021-07-05,34993,13970296,sf
2021-07-06,35455,14005751,sf
2021-07-07,35805,14041556,sf
2021-07-08,34885,14076441,sf
2021-07-09,34167,14110608,sf
2021-07-10,31260,14141868,sf
2021-07-11,31417,14173285,sf
2021-07-12,35201,14208486,sf
2021-07-13,35745,14244231,sf
2021-07-14,35700,14279931,sf
2021-07-15,35509,14315440,sf
2021-07-16,34930,14350370,sf
2021-07-17,31808,14382178,sf
2021-07-18,31443,14413621,sf
2021-07-19,34596,14448217,sf
2021-07-20,35420,14483637,sf
2021-07-21,35210,14518847,sf
2021-07-22,50065,14568912,sf
2021-07-23,57533,14626445,sf
2021-07-24,54146,14680591,sf
2021-07-25,54325,14734916,sf
2021-07-26,60272,14795188,sf
2021-07-27,60829,14856017,sf
2021-07-28,63544,14919561,sf
2021-07-29,58877,14978438,sf
2021-07-30,59719,15038157,sf
2021-07-31,55446,15093603,sf
2021-08-01,39306,15132909,sf
2021-08-02,34774,15167683,sf
2021-08-03,34642,15202325,sf
2021-08-04,34766,15237091,sf
2021-08-05,32899,15269990,sf
2021-08-06,32941,15302931,sf
2021-08-07,30860,15333791,sf
2021-08-08,31049,15364840,sf
2021-08-09,33240,15398080,sf
2021-08-10,33501,15431581,sf
2021-08-11,33905,15465486,sf
2021-08-12,32997,15498483,sf
2021-08-13,32671,15531154,sf
2021-08-14,30476,15561630,sf
2021-08-15,30536,15592166,sf
2021-08-16,33450,15625616,sf
2021-08-17,33461,15659077,sf
2021-08-18,33575,15692652,sf
2021-08-19,33419,15726071,sf
2021-08-20,31913,15757984,sf
2021-08-21,30478,15788462,sf
2021-08-22,29873,15818335,sf
2021-08-23,32687,15851022,sf
2021-08-24,32532,15883554,sf
2021-08-25,33797,15917351,sf
2021-08-26,34129,15951480,sf
2021-08-27,47322,15998802,sf
2021-08-28,48522,16047324,sf
2021-08-29,69261,16116585,sf
2021-08-30,75936,16192521,sf
2021-08-31,76313,16268834,sf
2021-09-01,61278,16330112,sf
2021-09-02,70138,16400250,sf
2021-09-03,71846,16472096,sf
2021-09-04,69693,16541789,sf
2021-09-05,70214,16612003,sf
2021-09-06,72826,16684829,sf
2021-09-07,73229,16758058,sf
2021-09-08,76037,16834095,sf
2021-09-09,75056,16909151,sf
2021-09-10,72680,16981831,sf
2021-09-11,70574,17052405,sf
2021-09-12,68989,17121394,sf
2021-09-13,74747,17196141,sf
2021-09-14,75059,17271200,sf
2021-09-15,75660,17346860,sf
2021-09-16,75563,17422423,sf
2021-09-17,73809,17496232,sf
2021-09-18,70641,17566873,sf
2021-09-19,70355,17637228,sf
2021-09-20,73845,17711073,sf
2021-09-21,70222,17781295,sf
2021-09-22,69491,17850786,sf
2021-09-23,68375,17919161,sf
2021-09-24,68124,17987285,sf
2021-09-25,61011,18048296,sf
2021-09-26,60535,18108831,sf
2021-09-27,64013,18172844,sf
2021-09-28,63967,18236811,sf
2021-09-29,64465,18301276,sf
2021-09-30,64781,18366057,sf
2021-10-01,63650,18429707,sf
2021-10-02,60476,18490183,sf
2021-10-03,60735,18550918,sf
2021-10-04,63634,18614552,sf
2021-10-05,64397,18678949,sf
2021-10-06,63747,18742696,sf
2021-10-07,67721,18810417,sf
2021-10-08,68384,18878801,sf
2021-10-09,62888,18941689,sf
2021-10-10,62274,19003963,sf
2021-10-11,66518,19070481,sf
2021-10-12,66896,19137377,sf
2021-10-13,66348,19203725,sf
2021-10-14,65827,19269552,sf
2021-10-15,64211,19333763,sf
2021-10-16,60547,19394310,sf
2021-10-17,60888,19455198,sf
2021-10-18,64152,19519350,sf
2021-10-19,66391,19585741,sf
2021-10-20,64986,19650727,sf
2021-10-21,64294,19715021,sf
2021-10-22,65030,19780051,sf
2021-10-23,61290,19841341,sf
2021-10-24,62532,19903873,sf
2021-10-25,66009,19969882,sf
2021-10-26,65281,20035163,sf
2021-10-27,65128,20100291,sf
2021-10-28,64869,20165160,sf
2021-10-29,62308,20227468,sf
2021-10-30,59703,20287171,sf
2021-10-31,60625,20347796,sf
2021-11-01,63700,20411496,sf
2021-11-02,63364,20474860,sf
2021-11-03,64097,20538957,sf
2021-11-04,64074,20603031,sf
2021-11-05,62533,20665564,sf
2021-11-06,59782,20725346,sf
2021-11-07,61010,20786356,sf
2021-11-08,51700,20838056,sf
2021-11-09,61636,20899692,sf
2021-11-10,61432,20961124,sf
2021-11-11,63258,21024382,sf
2021-11-12,63043,21087425,sf
2021-11-13,60448,21147873,sf
2021-11-14,61720,21209593,sf
2021-11-15,66963,21276556,sf
2021-11-16,67588,21344144,sf
2021-11-17,64151,21408295,sf
2021-11-18,64701,21472996,sf
2021-11-19,62249,21535245,sf
2021-11-20,60950,21596195,sf
2021-11-21,61250,21657445,sf
2021-11-22,64887,21722332,sf
2021-11-23,66874,21789206,sf
2021-11-24,65565,21854771,sf
2021-11-25,63913,21918684,sf
2021-11-26,63410,21982094,sf
2021-11-27,61425,22043519,sf
2021-11-28,61961,22105480,sf
2021-11-29,54674,22160154,sf
2021-11-30,51957,22212111,sf
2021-12-01,49734,22261845,sf
2021-12-02,49844,22311689,sf
2021-12-03,49757,22361446,sf
2021-12-04,47431,22408877,sf
2021-12-05,46970,22455847,sf
2021-12-06,50092,22505939,sf
2021-12-07,49466,22555405,sf
2021-12-08,50037,22605442,sf
2021-12-09,50241,22655683,sf
2021-12-10,49940,22705623,sf
2021-12-11,46688,22752311,sf
2021-12-12,46093,22798404,sf
2021-12-13,49982,22848386,sf
2021-12-14,50758,22899144,sf
2021-12-15,49521,22948665,sf
2021-12-16,48709,22997374,sf
2021-12-17,50135,23047509,sf
2021-12-18,46253,23093762,sf
2021-12-19,46561,23140323,sf
2021-12-20,49033,23189356,sf
2021-12-21,48406,23237762,sf
2021-12-22,47102,23284864,sf
2021-12-23,41128,23325992,sf
2021-12-24,39293,23365285,sf
2021-12-25,36544,23401829,sf
2021-12-26,35989,23437818,sf
2021-12-27,36552,23474370,sf
2021-12-28,36250,23510620,sf
2021-12-29,35778,23546398,sf
2021-12-30,32950,23579348,sf
2021-12-31,32014,23611362,sf
2022-01-01,38944,23650306,sf
2022-01-02,39590,23689896,sf
2022-01-03,41241,23731137,sf
2022-01-04,42020,23773157,sf
2022-01-05,40927,23814084,sf
2022-01-06,40606,23854690,sf
2022-01-07,37310,23892000,sf
2022-01-08,30555,23922555,sf
2022-01-09,32413,23954968,sf
2022-01-10,42224,23997192,sf
2022-01-11,40771,24037963,sf
2022-01-12,36348,24074311,sf
2022-01-13,42377,24116688,sf
2022-01-14,40468,24157156,sf
2022-01-15,37282,24194438,sf
2022-01-16,35632,24230070,sf
2022-01-17,39725,24269795,sf
2022-01-18,41831,24311626,sf
2022-01-19,43527,24355153,sf
2022-01-20,39104,24394257,sf
2022-01-21,37971,24432228,sf
2022-01-22,35893,24468121,sf
2022-01-23,35886,24504007,sf
2022-01-24,39123,24543130,sf
2022-01-25,40427,24583557,sf
2022-01-26,38772,24622329,sf
2022-01-27,37805,24660134,sf
2022-01-28,37565,24697699,sf
2022-01-29,35306,24733005,sf
2022-01-30,35681,24768686,sf
2022-01-31,38919,24807605,sf
2022-02-01,39182,24846787,sf
2022-02-02,38677,24885464,sf
2022-02-03,38141,24923605,sf
2022-02-04,40343,24963948,sf
2022-02-05,37703,25001651,sf
2022-02-06,46853,25048504,sf
2022-02-07,61198,25109702,sf
2022-02-08,60286,25169988,sf
2022-02-09,62862,25232850,sf
2022-02-10,61691,25294541,sf
2022-02-11,72527,25367068,sf
2022-02-12,71196,25438264,sf
2022-02-13,62370,25500634,sf
2022-02-14,55111,25555745,sf
2022-02-15,51040,25606785,sf
2022-02-16,52960,25659745,sf
2022-02-17,55245,25714990,sf
2022-02-18,54167,25769157,sf
2022-02-19,49783,25818940,sf
2022-02-20,49712,25868652,sf
2022-02-21,52482,25921134,sf
2022-02-22,54455,25975589,sf
2022-02-23,46808,26022397,sf
2022-02-24,42695,26065092,sf
2022-02-25,40555,26105647,sf
2022-02-26,47260,26152907,sf
2022-02-27,48957,26201864,sf
2022-02-28,49543,26251407,sf
2022-03-01,48728,26300135,sf
2022-03-02,37030,26337165,sf
2022-03-03,36418,26373583,sf
2022-03-04,34558,26408141,sf
2022-03-05,38180,26446321,sf
2022-03-06,44532,26490853,sf
2022-03-07,53009,26543862,sf
2022-03-08,53640,26597502,sf
2022-03-09,50623,26648125,sf
2022-03-10,49680,26697805,sf
2022-03-11,44299,26742104,sf
2022-03-12,38308,26780412,sf
2022-03-13,39488,26819900,sf
2022-03-14,46517,26866417,sf
2022-03-15,46329,26912746,sf
2022-03-16,54221,26966967,sf
2022-03-17,71414,27038381,sf
2022-03-18,68326,27106707,sf
2022-03-19,62411,27169118,sf
2022-03-20,60701,27229819,sf
2022-03-21,66494,27296313,sf
2022-03-22,69621,27365934,sf
2022-03-23,69389,27435323,sf
2022-03-24,68559,27503882,sf
2022-03-25,63037,27566919,sf
2022-03-26,61477,27628396,sf
2022-03-27,62933,27691329,sf
2022-03-28,65061,27756390,sf
2022-03-29,65730,27822120,sf
2022-03-30,63986,27886106,sf
2022-03-31,64685,27950791,sf
2022-04-01,64661,28015452,sf
2022-04-02,62832,28078284,sf
2022-04-03,60968,28139252,sf
2022-04-04,60585,28199837,sf
2022-04-05,60105,28259942,sf
2022-04-06,55955,28315897,sf
2022-04-07,55701,28371598,sf
2022-04-08,54345,28425943,sf
2022-04-09,51326,28477269,sf
2022-04-10,51421,28528690,sf
2022-04-11,53923,28582613,sf
2022-04-12,50133,28632746,sf
2022-04-13,48885,28681631,sf
2022-04-14,52345,28733976,sf
2022-04-15,52067,28786043,sf
2022-04-16,48973,28835016,sf
2022-04-17,51592,28886608,sf
2022-04-18,53713,28940321,sf
2022-04-19,56959,28997280,sf
2022-04-20,58229,29055509,sf
2022-04-21,56555,29112064,sf
2022-04-22,55594,29167658,sf
2022-04-23,52589,29220247,sf
2022-04-24,52010,29272257,sf
2022-04-25,53888,29326145,sf
2022-04-26,54913,29381058,sf
2022-04-27,53897,29434955,sf
2022-04-28,55041,29489996,sf
2022-04-29,65873,29555869,sf
2022-04-30,62170,29618039,sf
2022-05-01,62441,29680480,sf
2022-05-02,66169,29746649,sf
2022-05-03,66161,29812810,sf
2022-05-04,65068,29877878,sf
2022-05-05,65388,29943266,sf
2022-05-06,65519,30008785,sf
2022-05-07,63072,30071857,sf
2022-05-08,63410,30135267,sf
2022-05-09,68028,30203295,sf
2022-05-10,69197,30272492,sf
2022-05-11,69924,30342416,sf
2022-05-12,69098,30411514,sf
2022-05-13,69278,30480792,sf
2022-05-14,63742,30544534,sf
2022-05-15,42535,30587069,sf
2022-05-16,36316,30623385,sf
2022-05-17,78379,30701764,sf
2022-05-18,81801,30783565,sf
2022-05-19,77509,30861074,sf
2022-05-20,76211,30937285,sf
2022-05-21,69176,31006461,sf
2022-05-22,64353,31070814,sf
2022-05-23,69244,31140058,sf
2022-05-24,68889,31208947,sf
2022-05-25,70669,31279616,sf
2022-05-26,66784,31346400,sf
2022-05-27,57235,31403635,sf
2022-05-28,61267,31464902,sf
2022-05-29,61784,31526686,sf
2022-05-30,64889,31591575,sf
2022-05-31,65764,31657339,sf
2022-06-01,65471,31722810,sf
2022-06-02,64483,31787293,sf
2022-06-03,63052,31850345,sf
2022-06-04,58995,31909340,sf
2022-06-05,59541,31968881,sf
2022-06-06,61952,32030833,sf
2022-06-07,62796,32093629,sf
2022-06-08,63388,32157017,sf
2022-06-09,62657,32219674,sf
2022-06-10,61552,32281226,sf
2022-06-11,58812,32340038,sf
2022-06-12,58358,32398396,sf
2022-06-13,62138,32460534,sf
2022-06-14,63223,32523757,sf
2022-06-15,63782,32587539,sf
2022-06-16,63529,32651068,sf
2022-06-17,62543,32713611,sf
2022-06-18,58772,32772383,sf
2022-06-19,59402,32831785,sf
2022-06-20,64207,32895992,sf
2022-06-21,63783,32959775,sf
2022-06-22,63376,33023151,sf
2022-06-23,62294,33085445,sf
2022-06-24,62377,33147822,sf
2022-06-25,60050,33207872,sf
2022-06-26,59406,33267278,sf
2022-06-27,62451,33329729,sf
2022-06-28,62148,33391877,sf
2022-06-29,61123,33453000,sf
2022-06-30,59517,33512517,sf
2022-07-01,59661,33572178,sf
2022-07-02,57313,33629491,sf
2022-07-03,57136,33686627,sf
2022-07-04,58677,33745304,sf
2022-07-05,56241,33801545,sf
2022-07-06,54794,33856339,sf
2022-07-07,52328,33908667,sf
2022-07-08,52985,33961652,sf
2022-07-09,56623,34018275,sf
2022-07-10,58879,34077154,sf
2022-07-11,63371,34140525,sf
2022-07-12,63140,34203665,sf
2022-07-13,64470,34268135,sf
2022-07-14,65519,34333654,sf
2022-07-15,65962,34399616,sf
2022-07-16,61198,34460814,sf
2022-07-17,60481,34521295,sf
2022-07-18,68189,34589484,sf
2022-07-19,66538,34656022,sf
2022-07-20,59413,34715435,sf
2022-07-21,55960,34771395,sf
2022-07-22,56194,34827589,sf
2022-07-23,57087,34884676,sf
2022-07-24,60917,34945593,sf
2022-07-25,65964,35011557,sf
2022-07-26,67103,35078660,sf
2022-07-27,66024,35144684,sf
2022-07-28,63240,35207924,sf
2022-07-29,61165,35269089,sf
2022-07-30,55802,35324891,sf
2022-07-31,56312,35381203,sf
2022-08-01,62038,35443241,sf
2022-08-02,61583,35504824,sf
2022-08-03,62000,35566824,sf
2022-08-04,62003,35628827,sf
2022-08-05,61304,35690131,sf
2022-08-06,57796,35747927,sf
2022-08-07,57263,35805190,sf
2022-08-08,60450,35865640,sf
2022-08-09,56432,35922072,sf
2022-08-10,56394,35978466,sf
2022-08-11,56618,36035084,sf
2022-08-12,60115,36095199,sf
2022-08-13,58984,36154183,sf
2022-08-14,58675,36212858,sf
2022-08-15,62124,36274982,sf
2022-08-16,62221,36337203,sf
2022-08-17,61051,36398254,sf
2022-08-18,62215,36460469,sf
2022-08-19,66228,36526697,sf
2022-08-20,63497,36590194,sf
2022-08-21,64695,36654889,sf
2022-08-22,74162,36729051,sf
2022-08-23,70157,36799208,sf
2022-08-24,57454,36856662,sf
2022-08-25,56384,36913046,sf
2022-08-26,52809,36965855,sf
2022-08-27,48157,37014012,sf
2022-08-28,48512,37062524,sf
2022-08-29,52173,37114697,sf
2022-08-30,51550,37166247,sf
2022-08-31,50573,37216820,sf
2022-09-01,49846,37266666,sf
2022-09-02,50247,37316913,sf
2022-09-03,46861,37363774,sf
2022-09-04,47585,37411359,sf
2022-09-05,50681,37462040,sf
2022-09-06,52036,37514076,sf
2022-09-07,50866,37564942,sf
2022-09-08,51452,37616394,sf
2022-09-09,49791,37666185,sf
2022-09-10,46414,37712599,sf
2022-09-11,45615,37758214,sf
2022-09-12,50257,37808471,sf
2022-09-13,50168,37858639,sf
2022-09-14,51520,37910159,sf
2022-09-15,50729,37960888,sf
2022-09-16,51498,38012386,sf
2022-09-17,46956,38059342,sf
2022-09-18,47566,38106908,sf
2022-09-19,52102,38159010,sf
2022-09-20,52533,38211543,sf
2022-09-21,51588,38263131,sf
2022-09-22,51222,38314353,sf
2022-09-23,49487,38363840,sf
2022-09-24,47362,38411202,sf
2022-09-25,47819,38459021,sf
2022-09-26,52654,38511675,sf
2022-09-27,51779,38563454,sf
2022-09-28,50709,38614163,sf
2022-09-29,50713,38664876,sf
2022-09-30,50179,38715055,sf
2022-10-01,46558,38761613,sf
2022-10-02,46702,38808315,sf
2022-10-03,50811,38859126,sf
2022-10-04,51067,38910193,sf
2022-10-05,50550,38960743,sf
2022-10-06,52354,39013097,sf
2022-10-07,49537,39062634,sf
2022-10-08,46223,39108857,sf
2022-10-09,46614,39155471,sf
2022-10-10,50382,39205853,sf
2022-10-11,50794,39256647,sf
2022-10-12,50568,39307215,sf
2022-10-13,49622,39356837,sf
2022-10-14,49166,39406003,sf
2022-10-15,45154,39451157,sf
2022-10-16,45087,39496244,sf
2022-10-17,50235,39546479,sf
2022-10-18,51259,39597738,sf
2022-10-19,49958,39647696,sf
2022-10-20,48971,39696667,sf
2022-10-21,49939,39746606,sf
2022-10-22,45498,39792104,sf
2022-10-23,43847,39835951,sf
2022-10-24,49303,39885254,sf
2022-10-25,48653,39933907,sf
2022-10-26,48191,39982098,sf
2022-10-27,47998,40030096,sf
2022-10-28,46510,40076606,sf
2022-10-29,42605,40119211,sf
2022-10-30,51665,40170876,sf
2022-10-31,59735,40230611,sf
2022-11-01,61399,40292010,sf
2022-11-02,49989,40341999,sf
2022-11-03,49848,40391847,sf
2022-11-04,47536,40439383,sf
2022-11-05,43302,40482685,sf
2022-11-06,43418,40526103,sf
2022-11-07,48150,40574253,sf
2022-11-08,52729,40626982,sf
2022-11-09,54857,40681839,sf
2022-11-10,52088,40733927,sf
2022-11-11,49716,40783643,sf
2022-11-12,45631,40829274,sf
2022-11-13,45629,40874903,sf
2022-11-14,50301,40925204,sf
2022-11-15,52318,40977522,sf
2022-11-16,47439,41024961,sf
2022-11-17,44169,41069130,sf
2022-11-18,41424,41110554,sf
2022-11-19,37791,41148345,sf
2022-11-20,76644,41224989,sf
2022-11-21,41445,41266434,sf
2022-11-22,41957,41308391,sf
2022-11-23,41465,41349856,sf
2022-11-24,41222,41391078,sf
2022-11-25,40414,41431492,sf
2022-11-26,37676,41469168,sf
2022-11-27,38167,41507335,sf
2022-11-28,42983,41550318,sf
2022-11-29,43065,41593383,sf
2022-11-30,42740,41636123,sf
2022-12-01,42254,41678377,sf
2022-12-02,41852,41720229,sf
2022-12-03,38004,41758233,sf
2022-12-04,37881,41796114,sf
2022-12-05,43129,41839243,sf
2022-12-06,42509,41881752,sf
2022-12-07,42521,41924273,sf
2022-12-08,41637,41965910,sf
2022-12-09,40369,42006279,sf
2022-12-10,37787,42044066,sf
2022-12-11,38152,42082218,sf
2022-12-12,41402,42123620,sf
2022-12-13,40979,42164599,sf
2022-12-14,39950,42204549,sf
2022-12-15,38557,42243106,sf
2022-12-16,38605,42281711,sf
2022-12-17,36691,42318402,sf
2022-12-18,36230,42354632,sf
2022-12-19,39579,42394211,sf
2022-12-20,38836,42433047,sf
2022-12-21,38931,42471978,sf
2022-12-22,38031,42510009,sf
2022-12-23,36741,42546750,sf
2022-12-24,35463,42582213,sf
2022-12-25,35069,42617282,sf
2022-12-26,36250,42653532,sf
2022-12-27,37106,42690638,sf
2022-12-28,36722,42727360,sf
2022-12-29,38045,42765405,sf
2022-12-30,37440,42802845,sf
2022-12-31,36682,42839527,sf
2023-01-01,36634,42876161,sf
2023-01-02,38477,42914638,sf
2023-01-03,39867,42954505,sf
2023-01-04,38152,42992657,sf
2023-01-05,38513,43031170,sf
2023-01-06,37929,43069099,sf
2023-01-07,35610,43104709,sf
2023-01-08,35979,43140688,sf
2023-01-09,39654,43180342,sf
2023-01-10,40326,43220668,sf
2023-01-11,40302,43260970,sf
2023-01-12,40095,43301065,sf
2023-01-13,38903,43339968,sf
2023-01-14,36080,43376048,sf
2023-01-15,37160,43413208,sf
2023-01-16,40917,43454125,sf
2023-01-17,41781,43495906,sf
2023-01-18,41569,43537475,sf
2023-01-19,38448,43575923,sf
2023-01-20,31506,43607429,sf
2023-01-21,34684,43642113,sf
2023-01-22,34424,43676537,sf
2023-01-23,33814,43710351,sf
2023-01-24,32921,43743272,sf
2023-01-25,34142,43777414,sf
2023-01-26,38863,43816277,sf
2023-01-27,40082,43856359,sf
2023-01-28,37135,43893494,sf
2023-01-29,37188,43930682,sf
2023-01-30,41355,43972037,sf
2023-01-31,40754,44012791,sf
2023-02-01,40687,44053478,sf
2023-02-02,40873,44094351,sf
2023-02-03,39536,44133887,sf
2023-02-04,37056,44170943,sf
2023-02-05,37587,44208530,sf
2023-02-06,40451,44248981,sf
2023-02-07,40721,44289702,sf
2023-02-08,40870,44330572,sf
2023-02-09,40891,44371463,sf
2023-02-10,39591,44411054,sf
2023-02-11,37363,44448417,sf
2023-02-12,37876,44486293,sf
2023-02-13,40538,44526831,sf
2023-02-14,39776,44566607,sf
2023-02-15,39969,44606576,sf
2023-02-16,40503,44647079,sf
2023-02-17,39697,44686776,sf
2023-02-18,37002,44723778,sf
2023-02-19,37339,44761117,sf
2023-02-20,39863,44800980,sf
2023-02-21,40411,44841391,sf
2023-02-22,38574,44879965,sf
2023-02-23,39059,44919024,sf
2023-02-24,37607,44956631,sf
2023-02-25,35609,44992240,sf
2023-02-26,35956,45028196,sf
2023-02-27,39508,45067704,sf
2023-02-28,39084,45106788,sf
2023-03-01,40250,45147038,sf
2023-03-02,40092,45187130,sf
2023-03-03,38903,45226033,sf
2023-03-04,36773,45262806,sf
2023-03-05,36697,45299503,sf
2023-03-06,39629,45339132,sf
2023-03-07,39866,45378998,sf
2023-03-08,38976,45417974,sf
2023-03-09,39379,45457353,sf
2023-03-10,39108,45496461,sf
2023-03-11,35694,45532155,sf
2023-03-12,36286,45568441,sf
2023-03-13,60709,45629150,sf
2023-03-14,54164,45683314,sf
2023-03-15,51705,45735019,sf
2023-03-16,45899,45780918,sf
2023-03-17,39313,45820231,sf
2023-03-18,35549,45855780,sf
2023-03-19,35550,45891330,sf
2023-03-20,43911,45935241,sf
2023-03-21,44886,45980127,sf
2023-03-22,43536,46023663,sf
2023-03-23,41379,46065042,sf
2023-03-24,39756,46104798,sf
2023-03-25,34737,46139535,sf
2023-03-26,34733,46174268,sf
2023-03-27,39911,46214179,sf
2023-03-28,40581,46254760,sf
2023-03-29,39349,46294109,sf
2023-03-30,39803,46333912,sf
2023-03-31,37914,46371826,sf
2023-04-01,34665,46406491,sf
2023-04-02,34695,46441186,sf
2023-04-03,39107,46480293,sf
2023-04-04,39202,46519495,sf
2023-04-05,38679,46558174,sf
2023-04-06,39048,46597222,sf
2023-04-07,36371,46633593,sf
2023-04-08,35162,46668755,sf
2023-04-09,35462,46704217,sf
2023-04-10,37927,46742144,sf
2023-04-11,39743,46781887,sf
2023-04-12,30104,46811991,sf
2023-04-13,23269,46835260,sf
2023-04-14,22163,46857423,sf
2023-04-15,19391,46876814,sf
2023-04-16,19800,46896614,sf
2023-04-17,23902,46920516,sf
2023-04-18,24571,46945087,sf
2023-04-19,24135,46969222,sf
2023-04-20,23182,46992404,sf
2023-04-21,21880,47014284,sf
2023-04-22,19669,47033953,sf
2023-04-23,19775,47053728,sf
2023-04-24,24667,47078395,sf
2023-04-25,25268,47103663,sf
2023-04-26,21993,47125656,sf
2023-04-27,20257,47145913,sf
2023-04-28,18763,47164676,sf
2023-04-29,15311,47179987,sf
2023-04-30,15145,47195132,sf
2023-05-01,17665,47212797,sf
2023-05-02,20315,47233112,sf
2023-05-03,20200,47253312,sf
2023-05-04,20140,47273452,sf
2023-05-05,27927,47301379,sf
2023-05-06,27043,47328422,sf
2023-05-07,26212,47354634,sf
2023-05-08,30770,47385404,sf
2023-05-09,31416,47416820,sf
2023-05-10,30821,47447641,sf
2023-05-11,61582,47509223,sf
2023-05-12,72594,47581817,sf
2023-05-13,69796,47651613,sf
2023-05-14,69888,47721501,sf
2023-05-15,72958,47794459,sf
2023-05-16,69092,47863551,sf
2023-05-17,68660,47932211,sf
2023-05-18,66890,47999101,sf
2023-05-19,67697,48066798,sf
2023-05-20,62267,48129065,sf
2023-05-21,58993,48188058,sf
2023-05-22,62625,48250683,sf
2023-05-23,64034,48314717,sf
2023-05-24,68047,48382764,sf
2023-05-25,64819,48447583,sf
2023-05-26,58554,48506137,sf
2023-05-27,49895,48556032,sf
2023-05-28,53193,48609225,sf
2023-05-29,55130,48664355,sf
2023-05-30,59736,48724091,sf
2023-05-31,57054,48781145,sf
2023-06-01,56692,48837837,sf
2023-06-02,55359,48893196,sf
2023-06-03,52521,48945717,sf
2023-06-04,52356,48998073,sf
2023-06-05,57431,49055504,sf
2023-06-06,56779,49112283,sf
2023-06-07,57523,49169806,sf
2023-06-08,57570,49227376,sf
2023-06-09,55908,49283284,sf
2023-06-10,52068,49335352,sf
2023-06-11,52148,49387500,sf
2023-06-12,57227,49444727,sf
2023-06-13,60509,49505236,sf
2023-06-14,62158,49567394,sf
2023-06-15,64611,49632005,sf
2023-06-16,46518,49678523,sf
2023-06-17,56490,49735013,sf
2023-06-18,58384,49793397,sf
2023-06-19,62810,49856207,sf
2023-06-20,62676,49918883,sf
2023-06-21,61981,49980864,sf
2023-06-22,63592,50044456,sf
2023-06-23,60258,50104714,sf
2023-06-24,57286,50162000,sf
2023-06-25,56620,50218620,sf
2023-06-26,61397,50280017,sf
2023-06-27,61279,50341296,sf
2023-06-28,60588,50401884,sf
2023-06-29,61655,50463539,sf
2023-06-30,60441,50523980,sf
2023-07-01,57122,50581102,sf
2023-07-02,57167,50638269,sf
2023-07-03,61226,50699495,sf
2023-07-04,61060,50760555,sf
2023-07-05,62858,50823413,sf
2023-07-06,62232,50885645,sf
2023-07-07,61970,50947615,sf
2023-07-08,57265,51004880,sf
2023-07-09,56992,51061872,sf
2023-07-10,62496,51124368,sf
2023-07-11,62968,51187336,sf
2023-07-12,65135,51252471,sf
2023-07-13,64483,51316954,sf
2023-07-14,63238,51380192,sf
2023-07-15,55896,51436088,sf
2023-07-16,56827,51492915,sf
2023-07-17,63836,51556751,sf
2023-07-18,66678,51623429,sf
2023-07-19,63186,51686615,sf
2023-07-20,63107,51749722,sf
2023-07-21,59183,51808905,sf
2023-07-22,51775,51860680,sf
2023-07-23,55467,51916147,sf
2023-07-24,59465,51975612,sf
2023-07-25,60764,52036376,sf
2023-07-26,57446,52093822,sf
2023-07-27,53302,52147124,sf
2023-07-28,51411,52198535,sf
2023-07-29,51061,52249596,sf
2023-07-30,54085,52303681,sf
2018-08-01,15322,15322,dplyr
2018-08-02,15765,31087,dplyr
2018-08-03,13978,45065,dplyr
2018-08-04,6934,51999,dplyr
2018-08-05,7407,59406,dplyr
2018-08-06,15204,74610,dplyr
2018-08-07,15602,90212,dplyr
2018-08-08,15527,105739,dplyr
2018-08-09,15341,121080,dplyr
2018-08-10,13144,134224,dplyr
2018-08-11,7029,141253,dplyr
2018-08-12,6330,147583,dplyr
2018-08-13,14782,162365,dplyr
2018-08-14,15270,177635,dplyr
2018-08-15,13069,190704,dplyr
2018-08-16,14660,205364,dplyr
2018-08-17,12095,217459,dplyr
2018-08-18,6740,224199,dplyr
2018-08-19,6511,230710,dplyr
2018-08-20,15274,245984,dplyr
2018-08-21,16616,262600,dplyr
2018-08-22,15600,278200,dplyr
2018-08-23,15727,293927,dplyr
2018-08-24,14124,308051,dplyr
2018-08-25,6933,314984,dplyr
2018-08-26,6811,321795,dplyr
2018-08-27,15368,337163,dplyr
2018-08-28,17765,354928,dplyr
2018-08-29,17830,372758,dplyr
2018-08-30,17480,390238,dplyr
2018-08-31,14569,404807,dplyr
2018-09-01,7431,412238,dplyr
2018-09-02,6748,418986,dplyr
2018-09-03,13670,432656,dplyr
2018-09-04,18419,451075,dplyr
2018-09-05,19586,470661,dplyr
2018-09-06,20234,490895,dplyr
2018-09-07,16491,507386,dplyr
2018-09-08,8430,515816,dplyr
2018-09-09,7830,523646,dplyr
2018-09-10,19116,542762,dplyr
2018-09-11,19698,562460,dplyr
2018-09-12,21467,583927,dplyr
2018-09-13,22605,606532,dplyr
2018-09-14,20663,627195,dplyr
2018-09-15,9404,636599,dplyr
2018-09-16,9504,646103,dplyr
2018-09-17,22604,668707,dplyr
2018-09-18,24369,693076,dplyr
2018-09-19,23494,716570,dplyr
2018-09-20,23775,740345,dplyr
2018-09-21,25338,765683,dplyr
2018-09-22,12044,777727,dplyr
2018-09-23,10203,787930,dplyr
2018-09-24,21180,809110,dplyr
2018-09-25,24523,833633,dplyr
2018-09-26,23301,856934,dplyr
2018-09-27,23632,880566,dplyr
2018-09-28,19466,900032,dplyr
2018-09-29,10582,910614,dplyr
2018-09-30,10081,920695,dplyr
2018-10-01,22637,943332,dplyr
2018-10-02,23542,966874,dplyr
2018-10-03,24206,991080,dplyr
2018-10-04,25167,1016247,dplyr
2018-10-05,21400,1037647,dplyr
2018-10-06,10629,1048276,dplyr
2018-10-07,10896,1059172,dplyr
2018-10-08,23088,1082260,dplyr
2018-10-09,24870,1107130,dplyr
2018-10-10,24568,1131698,dplyr
2018-10-11,25679,1157377,dplyr
2018-10-12,20402,1177779,dplyr
2018-10-13,12350,1190129,dplyr
2018-10-14,11481,1201610,dplyr
2018-10-15,23581,1225191,dplyr
2018-10-16,32127,1257318,dplyr
2018-10-17,34008,1291326,dplyr
2018-10-18,29982,1321308,dplyr
2018-10-19,24872,1346180,dplyr
2018-10-20,13240,1359420,dplyr
2018-10-21,13081,1372501,dplyr
2018-10-22,27409,1399910,dplyr
2018-10-23,28526,1428436,dplyr
2018-10-24,27700,1456136,dplyr
2018-10-25,26704,1482840,dplyr
2018-10-26,23162,1506002,dplyr
2018-10-27,12898,1518900,dplyr
2018-10-28,12085,1530985,dplyr
2018-10-29,25823,1556808,dplyr
2018-10-30,27782,1584590,dplyr
2018-10-31,25781,1610371,dplyr
2018-11-01,23227,1633598,dplyr
2018-11-02,20777,1654375,dplyr
2018-11-03,11745,1666120,dplyr
2018-11-04,11810,1677930,dplyr
2018-11-05,25129,1703059,dplyr
2018-11-06,26278,1729337,dplyr
2018-11-07,25239,1754576,dplyr
2018-11-08,26034,1780610,dplyr
2018-11-09,22394,1803004,dplyr
2018-11-10,15787,1818791,dplyr
2018-11-11,16565,1835356,dplyr
2018-11-12,31577,1866933,dplyr
2018-11-13,35894,1902827,dplyr
2018-11-14,31759,1934586,dplyr
2018-11-15,28842,1963428,dplyr
2018-11-16,25693,1989121,dplyr
2018-11-17,13225,2002346,dplyr
2018-11-18,13111,2015457,dplyr
2018-11-19,25931,2041388,dplyr
2018-11-20,26621,2068009,dplyr
2018-11-21,25311,2093320,dplyr
2018-11-22,21506,2114826,dplyr
2018-11-23,18451,2133277,dplyr
2018-11-24,12270,2145547,dplyr
2018-11-25,12253,2157800,dplyr
2018-11-26,26422,2184222,dplyr
2018-11-27,28596,2212818,dplyr
2018-11-28,27852,2240670,dplyr
2018-11-29,28080,2268750,dplyr
2018-11-30,23932,2292682,dplyr
2018-12-01,12893,2305575,dplyr
2018-12-02,13371,2318946,dplyr
2018-12-03,26443,2345389,dplyr
2018-12-04,26961,2372350,dplyr
2018-12-05,26662,2399012,dplyr
2018-12-06,27530,2426542,dplyr
2018-12-07,23895,2450437,dplyr
2018-12-08,15155,2465592,dplyr
2018-12-09,14391,2479983,dplyr
2018-12-10,25215,2505198,dplyr
2018-12-11,24471,2529669,dplyr
2018-12-12,22944,2552613,dplyr
2018-12-13,23218,2575831,dplyr
2018-12-14,19337,2595168,dplyr
2018-12-15,11407,2606575,dplyr
2018-12-16,11818,2618393,dplyr
2018-12-17,20603,2638996,dplyr
2018-12-18,21061,2660057,dplyr
2018-12-19,20142,2680199,dplyr
2018-12-20,18553,2698752,dplyr
2018-12-21,15096,2713848,dplyr
2018-12-22,8563,2722411,dplyr
2018-12-23,8735,2731146,dplyr
2018-12-24,9995,2741141,dplyr
2018-12-25,8648,2749789,dplyr
2018-12-26,12235,2762024,dplyr
2018-12-27,14021,2776045,dplyr
2018-12-28,12601,2788646,dplyr
2018-12-29,8268,2796914,dplyr
2018-12-30,8140,2805054,dplyr
2018-12-31,9687,2814741,dplyr
2019-01-01,8060,2822801,dplyr
2019-01-02,16345,2839146,dplyr
2019-01-03,17917,2857063,dplyr
2019-01-04,16924,2873987,dplyr
2019-01-05,10490,2884477,dplyr
2019-01-06,10403,2894880,dplyr
2019-01-07,20786,2915666,dplyr
2019-01-08,23565,2939231,dplyr
2019-01-09,26471,2965702,dplyr
2019-01-10,27745,2993447,dplyr
2019-01-11,25958,3019405,dplyr
2019-01-12,13721,3033126,dplyr
2019-01-13,13891,3047017,dplyr
2019-01-14,26135,3073152,dplyr
2019-01-15,29408,3102560,dplyr
2019-01-16,28754,3131314,dplyr
2019-01-17,28227,3159541,dplyr
2019-01-18,24468,3184009,dplyr
2019-01-19,13286,3197295,dplyr
2019-01-20,12486,3209781,dplyr
2019-01-21,26985,3236766,dplyr
2019-01-22,34903,3271669,dplyr
2019-01-23,28638,3300307,dplyr
2019-01-24,27633,3327940,dplyr
2019-01-25,24670,3352610,dplyr
2019-01-26,12452,3365062,dplyr
2019-01-27,12619,3377681,dplyr
2019-01-28,27714,3405395,dplyr
2019-01-29,27674,3433069,dplyr
2019-01-30,26505,3459574,dplyr
2019-01-31,27012,3486586,dplyr
2019-02-01,23935,3510521,dplyr
2019-02-02,12796,3523317,dplyr
2019-02-03,12461,3535778,dplyr
2019-02-04,26955,3562733,dplyr
2019-02-05,28367,3591100,dplyr
2019-02-06,28753,3619853,dplyr
2019-02-07,34366,3654219,dplyr
2019-02-08,29885,3684104,dplyr
2019-02-09,14903,3699007,dplyr
2019-02-10,15128,3714135,dplyr
2019-02-11,28678,3742813,dplyr
2019-02-12,27834,3770647,dplyr
2019-02-13,28116,3798763,dplyr
2019-02-14,27093,3825856,dplyr
2019-02-15,36538,3862394,dplyr
2019-02-16,18368,3880762,dplyr
2019-02-17,18136,3898898,dplyr
2019-02-18,32224,3931122,dplyr
2019-02-19,34299,3965421,dplyr
2019-02-20,32637,3998058,dplyr
2019-02-21,31812,4029870,dplyr
2019-02-22,27705,4057575,dplyr
2019-02-23,14456,4072031,dplyr
2019-02-24,14372,4086403,dplyr
2019-02-25,30265,4116668,dplyr
2019-02-26,31033,4147701,dplyr
2019-02-27,29820,4177521,dplyr
2019-02-28,29220,4206741,dplyr
2019-03-01,25817,4232558,dplyr
2019-03-02,13626,4246184,dplyr
2019-03-03,13868,4260052,dplyr
2019-03-04,29135,4289187,dplyr
2019-03-05,30970,4320157,dplyr
2019-03-06,31001,4351158,dplyr
2019-03-07,30836,4381994,dplyr
2019-03-08,26289,4408283,dplyr
2019-03-09,14249,4422532,dplyr
2019-03-10,14552,4437084,dplyr
2019-03-11,29678,4466762,dplyr
2019-03-12,31527,4498289,dplyr
2019-03-13,31599,4529888,dplyr
2019-03-14,30339,4560227,dplyr
2019-03-15,27146,4587373,dplyr
2019-03-16,14396,4601769,dplyr
2019-03-17,14609,4616378,dplyr
2019-03-18,29640,4646018,dplyr
2019-03-19,31499,4677517,dplyr
2019-03-20,31704,4709221,dplyr
2019-03-21,29536,4738757,dplyr
2019-03-22,26751,4765508,dplyr
2019-03-23,15116,4780624,dplyr
2019-03-24,14551,4795175,dplyr
2019-03-25,30762,4825937,dplyr
2019-03-26,33259,4859196,dplyr
2019-03-27,32260,4891456,dplyr
2019-03-28,32003,4923459,dplyr
2019-03-29,27201,4950660,dplyr
2019-03-30,15419,4966079,dplyr
2019-03-31,15687,4981766,dplyr
2019-04-01,31356,5013122,dplyr
2019-04-02,33300,5046422,dplyr
2019-04-03,34602,5081024,dplyr
2019-04-04,33678,5114702,dplyr
2019-04-05,30217,5144919,dplyr
2019-04-06,17107,5162026,dplyr
2019-04-07,17541,5179567,dplyr
2019-04-08,32777,5212344,dplyr
2019-04-09,34267,5246611,dplyr
2019-04-10,34473,5281084,dplyr
2019-04-11,33077,5314161,dplyr
2019-04-12,28859,5343020,dplyr
2019-04-13,16565,5359585,dplyr
2019-04-14,16497,5376082,dplyr
2019-04-15,31009,5407091,dplyr
2019-04-16,31696,5438787,dplyr
2019-04-17,31970,5470757,dplyr
2019-04-18,29111,5499868,dplyr
2019-04-19,22716,5522584,dplyr
2019-04-20,15674,5538258,dplyr
2019-04-21,15065,5553323,dplyr
2019-04-22,26176,5579499,dplyr
2019-04-23,31885,5611384,dplyr
2019-04-24,36479,5647863,dplyr
2019-04-25,33564,5681427,dplyr
2019-04-26,30938,5712365,dplyr
2019-04-27,19318,5731683,dplyr
2019-04-28,20555,5752238,dplyr
2019-04-29,36369,5788607,dplyr
2019-04-30,36647,5825254,dplyr
2019-05-01,29981,5855235,dplyr
2019-05-02,35954,5891189,dplyr
2019-05-03,33442,5924631,dplyr
2019-05-04,20183,5944814,dplyr
2019-05-05,19492,5964306,dplyr
2019-05-06,34734,5999040,dplyr
2019-05-07,37454,6036494,dplyr
2019-05-08,37129,6073623,dplyr
2019-05-09,36687,6110310,dplyr
2019-05-10,31731,6142041,dplyr
2019-05-11,17799,6159840,dplyr
2019-05-12,17351,6177191,dplyr
2019-05-13,34972,6212163,dplyr
2019-05-14,44309,6256472,dplyr
2019-05-15,47609,6304081,dplyr
2019-05-16,42666,6346747,dplyr
2019-05-17,36096,6382843,dplyr
2019-05-18,20555,6403398,dplyr
2019-05-19,19934,6423332,dplyr
2019-05-20,37733,6461065,dplyr
2019-05-21,39938,6501003,dplyr
2019-05-22,37163,6538166,dplyr
2019-05-23,37506,6575672,dplyr
2019-05-24,33219,6608891,dplyr
2019-05-25,18388,6627279,dplyr
2019-05-26,18804,6646083,dplyr
2019-05-27,30561,6676644,dplyr
2019-05-28,37569,6714213,dplyr
2019-05-29,36296,6750509,dplyr
2019-05-30,32649,6783158,dplyr
2019-05-31,29470,6812628,dplyr
2019-06-01,18458,6831086,dplyr
2019-06-02,18414,6849500,dplyr
2019-06-03,35872,6885372,dplyr
2019-06-04,36844,6922216,dplyr
2019-06-05,35126,6957342,dplyr
2019-06-06,34349,6991691,dplyr
2019-06-07,31138,7022829,dplyr
2019-06-08,16083,7038912,dplyr
2019-06-09,15531,7054443,dplyr
2019-06-10,29977,7084420,dplyr
2019-06-11,34617,7119037,dplyr
2019-06-12,32844,7151881,dplyr
2019-06-13,31341,7183222,dplyr
2019-06-14,29475,7212697,dplyr
2019-06-15,16029,7228726,dplyr
2019-06-16,16829,7245555,dplyr
2019-06-17,32928,7278483,dplyr
2019-06-18,34789,7313272,dplyr
2019-06-19,34262,7347534,dplyr
2019-06-20,32042,7379576,dplyr
2019-06-21,28543,7408119,dplyr
2019-06-22,15838,7423957,dplyr
2019-06-23,15467,7439424,dplyr
2019-06-24,30820,7470244,dplyr
2019-06-25,33441,7503685,dplyr
2019-06-26,29152,7532837,dplyr
2019-06-27,28295,7561132,dplyr
2019-06-28,25707,7586839,dplyr
2019-06-29,18328,7605167,dplyr
2019-06-30,18550,7623717,dplyr
2019-07-01,36019,7659736,dplyr
2019-07-02,34847,7694583,dplyr
2019-07-03,36363,7730946,dplyr
2019-07-04,31563,7762509,dplyr
2019-07-05,35168,7797677,dplyr
2019-07-06,20757,7818434,dplyr
2019-07-07,20032,7838466,dplyr
2019-07-08,39981,7878447,dplyr
2019-07-09,38351,7916798,dplyr
2019-07-10,35514,7952312,dplyr
2019-07-11,33864,7986176,dplyr
2019-07-12,30374,8016550,dplyr
2019-07-13,16591,8033141,dplyr
2019-07-14,16488,8049629,dplyr
2019-07-15,32038,8081667,dplyr
2019-07-16,33770,8115437,dplyr
2019-07-17,33696,8149133,dplyr
2019-07-18,34338,8183471,dplyr
2019-07-19,30330,8213801,dplyr
2019-07-20,16405,8230206,dplyr
2019-07-21,16420,8246626,dplyr
2019-07-22,32458,8279084,dplyr
2019-07-23,33020,8312104,dplyr
2019-07-24,33685,8345789,dplyr
2019-07-25,33842,8379631,dplyr
2019-07-26,30445,8410076,dplyr
2019-07-27,17288,8427364,dplyr
2019-07-28,16840,8444204,dplyr
2019-07-29,32597,8476801,dplyr
2019-07-30,33655,8510456,dplyr
2019-07-31,31716,8542172,dplyr
2019-08-01,31006,8573178,dplyr
2019-08-02,29209,8602387,dplyr
2019-08-03,16614,8619001,dplyr
2019-08-04,16020,8635021,dplyr
2019-08-05,32819,8667840,dplyr
2019-08-06,35352,8703192,dplyr
2019-08-07,33636,8736828,dplyr
2019-08-08,32598,8769426,dplyr
2019-08-09,27772,8797198,dplyr
2019-08-10,16192,8813390,dplyr
2019-08-11,15216,8828606,dplyr
2019-08-12,28851,8857457,dplyr
2019-08-13,30855,8888312,dplyr
2019-08-14,30158,8918470,dplyr
2019-08-15,26684,8945154,dplyr
2019-08-16,25820,8970974,dplyr
2019-08-17,15147,8986121,dplyr
2019-08-18,14800,9000921,dplyr
2019-08-19,30095,9031016,dplyr
2019-08-20,31999,9063015,dplyr
2019-08-21,32197,9095212,dplyr
2019-08-22,31654,9126866,dplyr
2019-08-23,26757,9153623,dplyr
2019-08-24,16718,9170341,dplyr
2019-08-25,16653,9186994,dplyr
2019-08-26,32319,9219313,dplyr
2019-08-27,34711,9254024,dplyr
2019-08-28,34950,9288974,dplyr
2019-08-29,33807,9322781,dplyr
2019-08-30,30478,9353259,dplyr
2019-08-31,17639,9370898,dplyr
2019-09-01,17153,9388051,dplyr
2019-09-02,27758,9415809,dplyr
2019-09-03,35865,9451674,dplyr
2019-09-04,40530,9492204,dplyr
2019-09-05,38642,9530846,dplyr
2019-09-06,35777,9566623,dplyr
2019-09-07,23531,9590154,dplyr
2019-09-08,21275,9611429,dplyr
2019-09-09,40139,9651568,dplyr
2019-09-10,39336,9690904,dplyr
2019-09-11,41116,9732020,dplyr
2019-09-12,40391,9772411,dplyr
2019-09-13,35455,9807866,dplyr
2019-09-14,23465,9831331,dplyr
2019-09-15,23615,9854946,dplyr
2019-09-16,43483,9898429,dplyr
2019-09-17,46275,9944704,dplyr
2019-09-18,45328,9990032,dplyr
2019-09-19,45103,10035135,dplyr
2019-09-20,39439,10074574,dplyr
2019-09-21,25729,10100303,dplyr
2019-09-22,24974,10125277,dplyr
2019-09-23,44256,10169533,dplyr
2019-09-24,45226,10214759,dplyr
2019-09-25,43585,10258344,dplyr
2019-09-26,41641,10299985,dplyr
2019-09-27,36935,10336920,dplyr
2019-09-28,24385,10361305,dplyr
2019-09-29,24564,10385869,dplyr
2019-09-30,42810,10428679,dplyr
2019-10-01,44510,10473189,dplyr
2019-10-02,43104,10516293,dplyr
2019-10-03,40552,10556845,dplyr
2019-10-04,37585,10594430,dplyr
2019-10-05,24799,10619229,dplyr
2019-10-06,23491,10642720,dplyr
2019-10-07,42083,10684803,dplyr
2019-10-08,43705,10728508,dplyr
2019-10-09,44250,10772758,dplyr
2019-10-10,43030,10815788,dplyr
2019-10-11,38447,10854235,dplyr
2019-10-12,25433,10879668,dplyr
2019-10-13,25546,10905214,dplyr
2019-10-14,42364,10947578,dplyr
2019-10-15,44412,10991990,dplyr
2019-10-16,44108,11036098,dplyr
2019-10-17,42982,11079080,dplyr
2019-10-18,37660,11116740,dplyr
2019-10-19,25414,11142154,dplyr
2019-10-20,24438,11166592,dplyr
2019-10-21,43231,11209823,dplyr
2019-10-22,46620,11256443,dplyr
2019-10-23,44533,11300976,dplyr
2019-10-24,43852,11344828,dplyr
2019-10-25,39123,11383951,dplyr
2019-10-26,24248,11408199,dplyr
2019-10-27,24118,11432317,dplyr
2019-10-28,40036,11472353,dplyr
2019-10-29,44149,11516502,dplyr
2019-10-30,42319,11558821,dplyr
2019-10-31,40498,11599319,dplyr
2019-11-01,33060,11632379,dplyr
2019-11-02,22150,11654529,dplyr
2019-11-03,23426,11677955,dplyr
2019-11-04,39746,11717701,dplyr
2019-11-05,43888,11761589,dplyr
2019-11-06,43630,11805219,dplyr
2019-11-07,40729,11845948,dplyr
2019-11-08,36222,11882170,dplyr
2019-11-09,24609,11906779,dplyr
2019-11-10,24349,11931128,dplyr
2019-11-11,42817,11973945,dplyr
2019-11-12,44045,12017990,dplyr
2019-11-13,43198,12061188,dplyr
2019-11-14,40558,12101746,dplyr
2019-11-15,37282,12139028,dplyr
2019-11-16,24342,12163370,dplyr
2019-11-17,24817,12188187,dplyr
2019-11-18,41404,12229591,dplyr
2019-11-19,43736,12273327,dplyr
2019-11-20,40785,12314112,dplyr
2019-11-21,46273,12360385,dplyr
2019-11-22,41856,12402241,dplyr
2019-11-23,25060,12427301,dplyr
2019-11-24,25417,12452718,dplyr
2019-11-25,44645,12497363,dplyr
2019-11-26,46631,12543994,dplyr
2019-11-27,43863,12587857,dplyr
2019-11-28,38934,12626791,dplyr
2019-11-29,33640,12660431,dplyr
2019-11-30,25009,12685440,dplyr
2019-12-01,26430,12711870,dplyr
2019-12-02,47030,12758900,dplyr
2019-12-03,48035,12806935,dplyr
2019-12-04,46892,12853827,dplyr
2019-12-05,44231,12898058,dplyr
2019-12-06,52651,12950709,dplyr
2019-12-07,24696,12975405,dplyr
2019-12-08,25059,13000464,dplyr
2019-12-09,43861,13044325,dplyr
2019-12-10,44443,13088768,dplyr
2019-12-11,43888,13132656,dplyr
2019-12-12,41600,13174256,dplyr
2019-12-13,38344,13212600,dplyr
2019-12-14,25043,13237643,dplyr
2019-12-15,24680,13262323,dplyr
2019-12-16,41314,13303637,dplyr
2019-12-17,41704,13345341,dplyr
2019-12-18,38892,13384233,dplyr
2019-12-19,37813,13422046,dplyr
2019-12-20,33554,13455600,dplyr
2019-12-21,21755,13477355,dplyr
2019-12-22,20149,13497504,dplyr
2019-12-23,27355,13524859,dplyr
2019-12-24,22742,13547601,dplyr
2019-12-25,17921,13565522,dplyr
2019-12-26,23060,13588582,dplyr
2019-12-27,23965,13612547,dplyr
2019-12-28,20632,13633179,dplyr
2019-12-29,20758,13653937,dplyr
2019-12-30,28627,13682564,dplyr
2019-12-31,23584,13706148,dplyr
2020-01-01,18416,13724564,dplyr
2020-01-02,30009,13754573,dplyr
2020-01-03,31303,13785876,dplyr
2020-01-04,22676,13808552,dplyr
2020-01-05,22178,13830730,dplyr
2020-01-06,36345,13867075,dplyr
2020-01-07,41348,13908423,dplyr
2020-01-08,40857,13949280,dplyr
2020-01-09,41358,13990638,dplyr
2020-01-10,38757,14029395,dplyr
2020-01-11,24743,14054138,dplyr
2020-01-12,24825,14078963,dplyr
2020-01-13,43211,14122174,dplyr
2020-01-14,44860,14167034,dplyr
2020-01-15,44011,14211045,dplyr
2020-01-16,43790,14254835,dplyr
2020-01-17,38344,14293179,dplyr
2020-01-18,22497,14315676,dplyr
2020-01-19,23676,14339352,dplyr
2020-01-20,38726,14378078,dplyr
2020-01-21,45137,14423215,dplyr
2020-01-22,45135,14468350,dplyr
2020-01-23,43634,14511984,dplyr
2020-01-24,39410,14551394,dplyr
2020-01-25,24925,14576319,dplyr
2020-01-26,24714,14601033,dplyr
2020-01-27,43476,14644509,dplyr
2020-01-28,44966,14689475,dplyr
2020-01-29,45781,14735256,dplyr
2020-01-30,44282,14779538,dplyr
2020-01-31,44269,14823807,dplyr
2020-02-01,33725,14857532,dplyr
2020-02-02,31395,14888927,dplyr
2020-02-03,57613,14946540,dplyr
2020-02-04,57062,15003602,dplyr
2020-02-05,54432,15058034,dplyr
2020-02-06,55009,15113043,dplyr
2020-02-07,50080,15163123,dplyr
2020-02-08,31360,15194483,dplyr
2020-02-09,30194,15224677,dplyr
2020-02-10,52460,15277137,dplyr
2020-02-11,55005,15332142,dplyr
2020-02-12,55779,15387921,dplyr
2020-02-13,50724,15438645,dplyr
2020-02-14,43993,15482638,dplyr
2020-02-15,26078,15508716,dplyr
2020-02-16,26118,15534834,dplyr
2020-02-17,46901,15581735,dplyr
2020-02-18,52868,15634603,dplyr
2020-02-19,53452,15688055,dplyr
2020-02-20,52444,15740499,dplyr
2020-02-21,45979,15786478,dplyr
2020-02-22,29416,15815894,dplyr
2020-02-23,29196,15845090,dplyr
2020-02-24,48799,15893889,dplyr
2020-02-25,51433,15945322,dplyr
2020-02-26,51772,15997094,dplyr
2020-02-27,48804,16045898,dplyr
2020-02-28,41526,16087424,dplyr
2020-02-29,7274,16094698,dplyr
2020-03-01,24955,16119653,dplyr
2020-03-02,46851,16166504,dplyr
2020-03-03,48282,16214786,dplyr
2020-03-04,49383,16264169,dplyr
2020-03-05,48028,16312197,dplyr
2020-03-06,43967,16356164,dplyr
2020-03-07,32134,16388298,dplyr
2020-03-08,34511,16422809,dplyr
2020-03-09,59288,16482097,dplyr
2020-03-10,57601,16539698,dplyr
2020-03-11,55275,16594973,dplyr
2020-03-12,52415,16647388,dplyr
2020-03-13,43417,16690805,dplyr
2020-03-14,27869,16718674,dplyr
2020-03-15,28505,16747179,dplyr
2020-03-16,44559,16791738,dplyr
2020-03-17,49216,16840954,dplyr
2020-03-18,53622,16894576,dplyr
2020-03-19,51861,16946437,dplyr
2020-03-20,47458,16993895,dplyr
2020-03-21,33012,17026907,dplyr
2020-03-22,34763,17061670,dplyr
2020-03-23,52472,17114142,dplyr
2020-03-24,51007,17165149,dplyr
2020-03-25,50266,17215415,dplyr
2020-03-26,52997,17268412,dplyr
2020-03-27,50036,17318448,dplyr
2020-03-28,34808,17353256,dplyr
2020-03-29,35320,17388576,dplyr
2020-03-30,51208,17439784,dplyr
2020-03-31,53255,17493039,dplyr
2020-04-01,53332,17546371,dplyr
2020-04-02,51974,17598345,dplyr
2020-04-03,47910,17646255,dplyr
2020-04-04,34298,17680553,dplyr
2020-04-05,33908,17714461,dplyr
2020-04-06,51452,17765913,dplyr
2020-04-07,51649,17817562,dplyr
2020-04-08,52590,17870152,dplyr
2020-04-09,48406,17918558,dplyr
2020-04-10,42835,17961393,dplyr
2020-04-11,34438,17995831,dplyr
2020-04-12,33326,18029157,dplyr
2020-04-13,47097,18076254,dplyr
2020-04-14,51491,18127745,dplyr
2020-04-15,51254,18178999,dplyr
2020-04-16,50088,18229087,dplyr
2020-04-17,45884,18274971,dplyr
2020-04-18,34630,18309601,dplyr
2020-04-19,34069,18343670,dplyr
2020-04-20,50077,18393747,dplyr
2020-04-21,50844,18444591,dplyr
2020-04-22,50296,18494887,dplyr
2020-04-23,49911,18544798,dplyr
2020-04-24,49242,18594040,dplyr
2020-04-25,36765,18630805,dplyr
2020-04-26,36921,18667726,dplyr
2020-04-27,54013,18721739,dplyr
2020-04-28,54232,18775971,dplyr
2020-04-29,55041,18831012,dplyr
2020-04-30,51307,18882319,dplyr
2020-05-01,45000,18927319,dplyr
2020-05-02,35090,18962409,dplyr
2020-05-03,33950,18996359,dplyr
2020-05-04,47205,19043564,dplyr
2020-05-05,46390,19089954,dplyr
2020-05-06,49830,19139784,dplyr
2020-05-07,48080,19187864,dplyr
2020-05-08,40883,19228747,dplyr
2020-05-09,28474,19257221,dplyr
2020-05-10,28013,19285234,dplyr
2020-05-11,44444,19329678,dplyr
2020-05-12,47386,19377064,dplyr
2020-05-13,46997,19424061,dplyr
2020-05-14,46572,19470633,dplyr
2020-05-15,46538,19517171,dplyr
2020-05-16,30429,19547600,dplyr
2020-05-17,29281,19576881,dplyr
2020-05-18,45991,19622872,dplyr
2020-05-19,46459,19669331,dplyr
2020-05-20,41972,19711303,dplyr
2020-05-21,37945,19749248,dplyr
2020-05-22,35521,19784769,dplyr
2020-05-23,23940,19808709,dplyr
2020-05-24,23086,19831795,dplyr
2020-05-25,34980,19866775,dplyr
2020-05-26,40751,19907526,dplyr
2020-05-27,42172,19949698,dplyr
2020-05-28,43351,19993049,dplyr
2020-05-29,49494,20042543,dplyr
2020-05-30,32604,20075147,dplyr
2020-05-31,31343,20106490,dplyr
2020-06-01,50366,20156856,dplyr
2020-06-02,52765,20209621,dplyr
2020-06-03,52948,20262569,dplyr
2020-06-04,50348,20312917,dplyr
2020-06-05,47053,20359970,dplyr
2020-06-06,31556,20391526,dplyr
2020-06-07,32620,20424146,dplyr
2020-06-08,51816,20475962,dplyr
2020-06-09,51841,20527803,dplyr
2020-06-10,49710,20577513,dplyr
2020-06-11,48361,20625874,dplyr
2020-06-12,44394,20670268,dplyr
2020-06-13,29262,20699530,dplyr
2020-06-14,29947,20729477,dplyr
2020-06-15,48074,20777551,dplyr
2020-06-16,47806,20825357,dplyr
2020-06-17,45596,20870953,dplyr
2020-06-18,43152,20914105,dplyr
2020-06-19,37575,20951680,dplyr
2020-06-20,24222,20975902,dplyr
2020-06-21,23537,20999439,dplyr
2020-06-22,41854,21041293,dplyr
2020-06-23,44296,21085589,dplyr
2020-06-24,42407,21127996,dplyr
2020-06-25,42091,21170087,dplyr
2020-06-26,37934,21208021,dplyr
2020-06-27,23666,21231687,dplyr
2020-06-28,24163,21255850,dplyr
2020-06-29,42252,21298102,dplyr
2020-06-30,42973,21341075,dplyr
2020-07-01,44779,21385854,dplyr
2020-07-02,48513,21434367,dplyr
2020-07-03,33468,21467835,dplyr
2020-07-04,22449,21490284,dplyr
2020-07-05,21502,21511786,dplyr
2020-07-06,39509,21551295,dplyr
2020-07-07,40883,21592178,dplyr
2020-07-08,40345,21632523,dplyr
2020-07-09,39392,21671915,dplyr
2020-07-10,37228,21709143,dplyr
2020-07-11,19964,21729107,dplyr
2020-07-12,19402,21748509,dplyr
2020-07-13,36421,21784930,dplyr
2020-07-14,38164,21823094,dplyr
2020-07-15,41807,21864901,dplyr
2020-07-16,41377,21906278,dplyr
2020-07-17,36902,21943180,dplyr
2020-07-18,20876,21964056,dplyr
2020-07-19,21233,21985289,dplyr
2020-07-20,39801,22025090,dplyr
2020-07-21,42202,22067292,dplyr
2020-07-22,39781,22107073,dplyr
2020-07-23,39910,22146983,dplyr
2020-07-24,37089,22184072,dplyr
2020-07-25,23112,22207184,dplyr
2020-07-26,22928,22230112,dplyr
2020-07-27,40267,22270379,dplyr
2020-07-28,39207,22309586,dplyr
2020-07-29,39717,22349303,dplyr
2020-07-30,40741,22390044,dplyr
2020-07-31,43251,22433295,dplyr
2020-08-01,28352,22461647,dplyr
2020-08-02,27239,22488886,dplyr
2020-08-03,46422,22535308,dplyr
2020-08-04,45445,22580753,dplyr
2020-08-05,46098,22626851,dplyr
2020-08-06,44032,22670883,dplyr
2020-08-07,37876,22708759,dplyr
2020-08-08,23184,22731943,dplyr
2020-08-09,22289,22754232,dplyr
2020-08-10,41066,22795298,dplyr
2020-08-11,42083,22837381,dplyr
2020-08-12,43987,22881368,dplyr
2020-08-13,42259,22923627,dplyr
2020-08-14,37912,22961539,dplyr
2020-08-15,24395,22985934,dplyr
2020-08-16,24865,23010799,dplyr
2020-08-17,41972,23052771,dplyr
2020-08-18,48924,23101695,dplyr
2020-08-19,54458,23156153,dplyr
2020-08-20,49985,23206138,dplyr
2020-08-21,42507,23248645,dplyr
2020-08-22,25013,23273658,dplyr
2020-08-23,25513,23299171,dplyr
2020-08-24,44592,23343763,dplyr
2020-08-25,45118,23388881,dplyr
2020-08-26,47126,23436007,dplyr
2020-08-27,45127,23481134,dplyr
2020-08-28,40850,23521984,dplyr
2020-08-29,25635,23547619,dplyr
2020-08-30,25518,23573137,dplyr
2020-08-31,44715,23617852,dplyr
2020-09-01,47773,23665625,dplyr
2020-09-02,50170,23715795,dplyr
2020-09-03,50434,23766229,dplyr
2020-09-04,42741,23808970,dplyr
2020-09-05,26076,23835046,dplyr
2020-09-06,26887,23861933,dplyr
2020-09-07,40782,23902715,dplyr
2020-09-08,48213,23950928,dplyr
2020-09-09,49351,24000279,dplyr
2020-09-10,48541,24048820,dplyr
2020-09-11,45182,24094002,dplyr
2020-09-12,27498,24121500,dplyr
2020-09-13,27046,24148546,dplyr
2020-09-14,47969,24196515,dplyr
2020-09-15,51157,24247672,dplyr
2020-09-16,51696,24299368,dplyr
2020-09-17,52622,24351990,dplyr
2020-09-18,50943,24402933,dplyr
2020-09-19,29087,24432020,dplyr
2020-09-20,28858,24460878,dplyr
2020-09-21,50030,24510908,dplyr
2020-09-22,50979,24561887,dplyr
2020-09-23,50932,24612819,dplyr
2020-09-24,50014,24662833,dplyr
2020-09-25,45961,24708794,dplyr
2020-09-26,29389,24738183,dplyr
2020-09-27,30717,24768900,dplyr
2020-09-28,49281,24818181,dplyr
2020-09-29,49500,24867681,dplyr
2020-09-30,48096,24915777,dplyr
2020-10-01,47046,24962823,dplyr
2020-10-02,52331,25015154,dplyr
2020-10-03,33325,25048479,dplyr
2020-10-04,33632,25082111,dplyr
2020-10-05,59463,25141574,dplyr
2020-10-06,62681,25204255,dplyr
2020-10-07,58055,25262310,dplyr
2020-10-08,58634,25320944,dplyr
2020-10-09,54160,25375104,dplyr
2020-10-10,33370,25408474,dplyr
2020-10-11,34281,25442755,dplyr
2020-10-12,55819,25498574,dplyr
2020-10-13,59492,25558066,dplyr
2020-10-14,60279,25618345,dplyr
2020-10-15,59496,25677841,dplyr
2020-10-16,54479,25732320,dplyr
2020-10-17,34204,25766524,dplyr
2020-10-18,33935,25800459,dplyr
2020-10-19,60788,25861247,dplyr
2020-10-20,61682,25922929,dplyr
2020-10-21,60894,25983823,dplyr
2020-10-22,60214,26044037,dplyr
2020-10-23,52702,26096739,dplyr
2020-10-24,32797,26129536,dplyr
2020-10-25,34574,26164110,dplyr
2020-10-26,55371,26219481,dplyr
2020-10-27,60886,26280367,dplyr
2020-10-28,59201,26339568,dplyr
2020-10-29,58698,26398266,dplyr
2020-10-30,51607,26449873,dplyr
2020-10-31,26750,26476623,dplyr
2020-11-01,27775,26504398,dplyr
2020-11-02,54127,26558525,dplyr
2020-11-03,58532,26617057,dplyr
2020-11-04,55707,26672764,dplyr
2020-11-05,57305,26730069,dplyr
2020-11-06,49249,26779318,dplyr
2020-11-07,29349,26808667,dplyr
2020-11-08,29583,26838250,dplyr
2020-11-09,56549,26894799,dplyr
2020-11-10,60319,26955118,dplyr
2020-11-11,56740,27011858,dplyr
2020-11-12,55460,27067318,dplyr
2020-11-13,50974,27118292,dplyr
2020-11-14,29020,27147312,dplyr
2020-11-15,29070,27176382,dplyr
2020-11-16,55024,27231406,dplyr
2020-11-17,61303,27292709,dplyr
2020-11-18,56796,27349505,dplyr
2020-11-19,55380,27404885,dplyr
2020-11-20,54819,27459704,dplyr
2020-11-21,30657,27490361,dplyr
2020-11-22,32488,27522849,dplyr
2020-11-23,56020,27578869,dplyr
2020-11-24,55940,27634809,dplyr
2020-11-25,43801,27678610,dplyr
2020-11-26,43837,27722447,dplyr
2020-11-27,40282,27762729,dplyr
2020-11-28,26881,27789610,dplyr
2020-11-29,28202,27817812,dplyr
2020-11-30,53177,27870989,dplyr
2020-12-01,56775,27927764,dplyr
2020-12-02,57067,27984831,dplyr
2020-12-03,55231,28040062,dplyr
2020-12-04,52654,28092716,dplyr
2020-12-05,35710,28128426,dplyr
2020-12-06,33728,28162154,dplyr
2020-12-07,55655,28217809,dplyr
2020-12-08,52413,28270222,dplyr
2020-12-09,54154,28324376,dplyr
2020-12-10,52923,28377299,dplyr
2020-12-11,49451,28426750,dplyr
2020-12-12,29716,28456466,dplyr
2020-12-13,32239,28488705,dplyr
2020-12-14,51634,28540339,dplyr
2020-12-15,51350,28591689,dplyr
2020-12-16,52687,28644376,dplyr
2020-12-17,49893,28694269,dplyr
2020-12-18,44965,28739234,dplyr
2020-12-19,27289,28766523,dplyr
2020-12-20,26963,28793486,dplyr
2020-12-21,47761,28841247,dplyr
2020-12-22,60192,28901439,dplyr
2020-12-23,42683,28944122,dplyr
2020-12-24,31170,28975292,dplyr
2020-12-25,22927,28998219,dplyr
2020-12-26,23866,29022085,dplyr
2020-12-27,26719,29048804,dplyr
2020-12-28,38774,29087578,dplyr
2020-12-29,45019,29132597,dplyr
2020-12-30,38997,29171594,dplyr
2020-12-31,32569,29204163,dplyr
2021-01-01,25257,29229420,dplyr
2021-01-02,27372,29256792,dplyr
2021-01-03,28589,29285381,dplyr
2021-01-04,49611,29334992,dplyr
2021-01-05,51539,29386531,dplyr
2021-01-06,50601,29437132,dplyr
2021-01-07,53668,29490800,dplyr
2021-01-08,47281,29538081,dplyr
2021-01-09,30529,29568610,dplyr
2021-01-10,29585,29598195,dplyr
2021-01-11,54858,29653053,dplyr
2021-01-12,54889,29707942,dplyr
2021-01-13,55309,29763251,dplyr
2021-01-14,52580,29815831,dplyr
2021-01-15,55567,29871398,dplyr
2021-01-16,38472,29909870,dplyr
2021-01-17,38258,29948128,dplyr
2021-01-18,61703,30009831,dplyr
2021-01-19,66207,30076038,dplyr
2021-01-20,64652,30140690,dplyr
2021-01-21,60715,30201405,dplyr
2021-01-22,55412,30256817,dplyr
2021-01-23,31257,30288074,dplyr
2021-01-24,30297,30318371,dplyr
2021-01-25,55508,30373879,dplyr
2021-01-26,56302,30430181,dplyr
2021-01-27,57912,30488093,dplyr
2021-01-28,60109,30548202,dplyr
2021-01-29,51073,30599275,dplyr
2021-01-30,34137,30633412,dplyr
2021-01-31,33711,30667123,dplyr
2021-02-01,55946,30723069,dplyr
2021-02-02,63951,30787020,dplyr
2021-02-03,74567,30861587,dplyr
2021-02-04,72306,30933893,dplyr
2021-02-05,62114,30996007,dplyr
2021-02-06,35056,31031063,dplyr
2021-02-07,36065,31067128,dplyr
2021-02-08,63279,31130407,dplyr
2021-02-09,65254,31195661,dplyr
2021-02-10,63208,31258869,dplyr
2021-02-11,59532,31318401,dplyr
2021-02-12,52665,31371066,dplyr
2021-02-13,29835,31400901,dplyr
2021-02-14,30309,31431210,dplyr
2021-02-15,58171,31489381,dplyr
2021-02-16,59525,31548906,dplyr
2021-02-17,64285,31613191,dplyr
2021-02-18,64863,31678054,dplyr
2021-02-19,55609,31733663,dplyr
2021-02-20,31643,31765306,dplyr
2021-02-21,33618,31798924,dplyr
2021-02-22,61314,31860238,dplyr
2021-02-23,62901,31923139,dplyr
2021-02-24,62335,31985474,dplyr
2021-02-25,61535,32047009,dplyr
2021-02-26,55085,32102094,dplyr
2021-02-27,34000,32136094,dplyr
2021-02-28,33859,32169953,dplyr
2021-03-01,62738,32232691,dplyr
2021-03-02,65106,32297797,dplyr
2021-03-03,66345,32364142,dplyr
2021-03-04,64263,32428405,dplyr
2021-03-05,65008,32493413,dplyr
2021-03-06,40364,32533777,dplyr
2021-03-07,40770,32574547,dplyr
2021-03-08,74609,32649156,dplyr
2021-03-09,72063,32721219,dplyr
2021-03-10,75987,32797206,dplyr
2021-03-11,67731,32864937,dplyr
2021-03-12,59591,32924528,dplyr
2021-03-13,36006,32960534,dplyr
2021-03-14,37877,32998411,dplyr
2021-03-15,64771,33063182,dplyr
2021-03-16,70297,33133479,dplyr
2021-03-17,68160,33201639,dplyr
2021-03-18,65181,33266820,dplyr
2021-03-19,55829,33322649,dplyr
2021-03-20,34260,33356909,dplyr
2021-03-21,34737,33391646,dplyr
2021-03-22,60855,33452501,dplyr
2021-03-23,63414,33515915,dplyr
2021-03-24,60726,33576641,dplyr
2021-03-25,59585,33636226,dplyr
2021-03-26,53836,33690062,dplyr
2021-03-27,32674,33722736,dplyr
2021-03-28,32312,33755048,dplyr
2021-03-29,57738,33812786,dplyr
2021-03-30,60428,33873214,dplyr
2021-03-31,60101,33933315,dplyr
2021-04-01,56489,33989804,dplyr
2021-04-02,44444,34034248,dplyr
2021-04-03,33037,34067285,dplyr
2021-04-04,31889,34099174,dplyr
2021-04-05,51111,34150285,dplyr
2021-04-06,60479,34210764,dplyr
2021-04-07,61778,34272542,dplyr
2021-04-08,60350,34332892,dplyr
2021-04-09,54014,34386906,dplyr
2021-04-10,31495,34418401,dplyr
2021-04-11,33358,34451759,dplyr
2021-04-12,58188,34509947,dplyr
2021-04-13,57668,34567615,dplyr
2021-04-14,58451,34626066,dplyr
2021-04-15,60110,34686176,dplyr
2021-04-16,55939,34742115,dplyr
2021-04-17,32806,34774921,dplyr
2021-04-18,39095,34814016,dplyr
2021-04-19,61879,34875895,dplyr
2021-04-20,76841,34952736,dplyr
2021-04-21,72227,35024963,dplyr
2021-04-22,76217,35101180,dplyr
2021-04-23,63508,35164688,dplyr
2021-04-24,43670,35208358,dplyr
2021-04-25,43071,35251429,dplyr
2021-04-26,68947,35320376,dplyr
2021-04-27,69453,35389829,dplyr
2021-04-28,71618,35461447,dplyr
2021-04-29,70639,35532086,dplyr
2021-04-30,63833,35595919,dplyr
2021-05-01,41258,35637177,dplyr
2021-05-02,33517,35670694,dplyr
2021-05-03,58515,35729209,dplyr
2021-05-04,60889,35790098,dplyr
2021-05-05,65880,35855978,dplyr
2021-05-06,75447,35931425,dplyr
2021-05-07,66548,35997973,dplyr
2021-05-08,36527,36034500,dplyr
2021-05-09,35842,36070342,dplyr
2021-05-10,68658,36139000,dplyr
2021-05-11,68476,36207476,dplyr
2021-05-12,67124,36274600,dplyr
2021-05-13,58680,36333280,dplyr
2021-05-14,53050,36386330,dplyr
2021-05-15,33677,36420007,dplyr
2021-05-16,34184,36454191,dplyr
2021-05-17,61760,36515951,dplyr
2021-05-18,72110,36588061,dplyr
2021-05-19,66507,36654568,dplyr
2021-05-20,64480,36719048,dplyr
2021-05-21,59427,36778475,dplyr
2021-05-22,34474,36812949,dplyr
2021-05-23,35522,36848471,dplyr
2021-05-24,57953,36906424,dplyr
2021-05-25,64193,36970617,dplyr
2021-05-26,65775,37036392,dplyr
2021-05-27,68516,37104908,dplyr
2021-05-28,58954,37163862,dplyr
2021-05-29,31879,37195741,dplyr
2021-05-30,31368,37227109,dplyr
2021-05-31,53213,37280322,dplyr
2021-06-01,63511,37343833,dplyr
2021-06-02,65245,37409078,dplyr
2021-06-03,63392,37472470,dplyr
2021-06-04,54492,37526962,dplyr
2021-06-05,31330,37558292,dplyr
2021-06-06,35358,37593650,dplyr
2021-06-07,61333,37654983,dplyr
2021-06-08,66447,37721430,dplyr
2021-06-09,64434,37785864,dplyr
2021-06-10,62003,37847867,dplyr
2021-06-11,54253,37902120,dplyr
2021-06-12,31196,37933316,dplyr
2021-06-13,31675,37964991,dplyr
2021-06-14,58129,38023120,dplyr
2021-06-15,61064,38084184,dplyr
2021-06-16,60844,38145028,dplyr
2021-06-17,59158,38204186,dplyr
2021-06-18,51702,38255888,dplyr
2021-06-19,38110,38293998,dplyr
2021-06-20,37276,38331274,dplyr
2021-06-21,67604,38398878,dplyr
2021-06-22,68011,38466889,dplyr
2021-06-23,65019,38531908,dplyr
2021-06-24,63526,38595434,dplyr
2021-06-25,55824,38651258,dplyr
2021-06-26,31883,38683141,dplyr
2021-06-27,31814,38714955,dplyr
2021-06-28,58116,38773071,dplyr
2021-06-29,59728,38832799,dplyr
2021-06-30,57821,38890620,dplyr
2021-07-01,57742,38948362,dplyr
2021-07-02,52439,39000801,dplyr
2021-07-03,29144,39029945,dplyr
2021-07-04,29029,39058974,dplyr
2021-07-05,48686,39107660,dplyr
2021-07-06,58018,39165678,dplyr
2021-07-07,58535,39224213,dplyr
2021-07-08,54813,39279026,dplyr
2021-07-09,48960,39327986,dplyr
2021-07-10,29261,39357247,dplyr
2021-07-11,29649,39386896,dplyr
2021-07-12,53286,39440182,dplyr
2021-07-13,56744,39496926,dplyr
2021-07-14,56014,39552940,dplyr
2021-07-15,55027,39607967,dplyr
2021-07-16,52594,39660561,dplyr
2021-07-17,30677,39691238,dplyr
2021-07-18,30648,39721886,dplyr
2021-07-19,53799,39775685,dplyr
2021-07-20,55625,39831310,dplyr
2021-07-21,54438,39885748,dplyr
2021-07-22,54632,39940380,dplyr
2021-07-23,48005,39988385,dplyr
2021-07-24,28809,40017194,dplyr
2021-07-25,29739,40046933,dplyr
2021-07-26,55514,40102447,dplyr
2021-07-27,54070,40156517,dplyr
2021-07-28,58910,40215427,dplyr
2021-07-29,52480,40267907,dplyr
2021-07-30,47247,40315154,dplyr
2021-07-31,28801,40343955,dplyr
2021-08-01,29140,40373095,dplyr
2021-08-02,51367,40424462,dplyr
2021-08-03,53336,40477798,dplyr
2021-08-04,55296,40533094,dplyr
2021-08-05,54606,40587700,dplyr
2021-08-06,50859,40638559,dplyr
2021-08-07,31442,40670001,dplyr
2021-08-08,30407,40700408,dplyr
2021-08-09,53834,40754242,dplyr
2021-08-10,57232,40811474,dplyr
2021-08-11,54600,40866074,dplyr
2021-08-12,55707,40921781,dplyr
2021-08-13,49908,40971689,dplyr
2021-08-14,29411,41001100,dplyr
2021-08-15,30523,41031623,dplyr
2021-08-16,53605,41085228,dplyr
2021-08-17,57132,41142360,dplyr
2021-08-18,57048,41199408,dplyr
2021-08-19,53702,41253110,dplyr
2021-08-20,49868,41302978,dplyr
2021-08-21,32029,41335007,dplyr
2021-08-22,29114,41364121,dplyr
2021-08-23,55389,41419510,dplyr
2021-08-24,59121,41478631,dplyr
2021-08-25,58551,41537182,dplyr
2021-08-26,60820,41598002,dplyr
2021-08-27,53373,41651375,dplyr
2021-08-28,29792,41681167,dplyr
2021-08-29,30398,41711565,dplyr
2021-08-30,55820,41767385,dplyr
2021-08-31,59966,41827351,dplyr
2021-09-01,63837,41891188,dplyr
2021-09-02,59291,41950479,dplyr
2021-09-03,52036,42002515,dplyr
2021-09-04,30103,42032618,dplyr
2021-09-05,30255,42062873,dplyr
2021-09-06,48419,42111292,dplyr
2021-09-07,60494,42171786,dplyr
2021-09-08,64282,42236068,dplyr
2021-09-09,63540,42299608,dplyr
2021-09-10,54347,42353955,dplyr
2021-09-11,31600,42385555,dplyr
2021-09-12,32908,42418463,dplyr
2021-09-13,61683,42480146,dplyr
2021-09-14,63641,42543787,dplyr
2021-09-15,69089,42612876,dplyr
2021-09-16,62603,42675479,dplyr
2021-09-17,54754,42730233,dplyr
2021-09-18,32262,42762495,dplyr
2021-09-19,32594,42795089,dplyr
2021-09-20,63009,42858098,dplyr
2021-09-21,66421,42924519,dplyr
2021-09-22,66719,42991238,dplyr
2021-09-23,66130,43057368,dplyr
2021-09-24,59503,43116871,dplyr
2021-09-25,34782,43151653,dplyr
2021-09-26,36702,43188355,dplyr
2021-09-27,66565,43254920,dplyr
2021-09-28,68754,43323674,dplyr
2021-09-29,67364,43391038,dplyr
2021-09-30,66422,43457460,dplyr
2021-10-01,60741,43518201,dplyr
2021-10-02,36423,43554624,dplyr
2021-10-03,37578,43592202,dplyr
2021-10-04,69961,43662163,dplyr
2021-10-05,118876,43781039,dplyr
2021-10-06,69147,43850186,dplyr
2021-10-07,67194,43917380,dplyr
2021-10-08,59889,43977269,dplyr
2021-10-09,35595,44012864,dplyr
2021-10-10,37906,44050770,dplyr
2021-10-11,63808,44114578,dplyr
2021-10-12,70074,44184652,dplyr
2021-10-13,70380,44255032,dplyr
2021-10-14,67219,44322251,dplyr
2021-10-15,60055,44382306,dplyr
2021-10-16,37328,44419634,dplyr
2021-10-17,38980,44458614,dplyr
2021-10-18,67890,44526504,dplyr
2021-10-19,73228,44599732,dplyr
2021-10-20,72585,44672317,dplyr
2021-10-21,69711,44742028,dplyr
2021-10-22,58953,44800981,dplyr
2021-10-23,33428,44834409,dplyr
2021-10-24,35221,44869630,dplyr
2021-10-25,64607,44934237,dplyr
2021-10-26,71739,45005976,dplyr
2021-10-27,68353,45074329,dplyr
2021-10-28,67178,45141507,dplyr
2021-10-29,61402,45202909,dplyr
2021-10-30,37725,45240634,dplyr
2021-10-31,37863,45278497,dplyr
2021-11-01,61520,45340017,dplyr
2021-11-02,68325,45408342,dplyr
2021-11-03,67493,45475835,dplyr
2021-11-04,62335,45538170,dplyr
2021-11-05,57814,45595984,dplyr
2021-11-06,34744,45630728,dplyr
2021-11-07,36778,45667506,dplyr
2021-11-08,67886,45735392,dplyr
2021-11-09,68362,45803754,dplyr
2021-11-10,66112,45869866,dplyr
2021-11-11,64074,45933940,dplyr
2021-11-12,67993,46001933,dplyr
2021-11-13,33450,46035383,dplyr
2021-11-14,36837,46072220,dplyr
2021-11-15,63832,46136052,dplyr
2021-11-16,68704,46204756,dplyr
2021-11-17,74821,46279577,dplyr
2021-11-18,72267,46351844,dplyr
2021-11-19,56558,46408402,dplyr
2021-11-20,34434,46442836,dplyr
2021-11-21,34021,46476857,dplyr
2021-11-22,60876,46537733,dplyr
2021-11-23,63239,46600972,dplyr
2021-11-24,60062,46661034,dplyr
2021-11-25,54492,46715526,dplyr
2021-11-26,47257,46762783,dplyr
2021-11-27,32470,46795253,dplyr
2021-11-28,34957,46830210,dplyr
2021-11-29,63514,46893724,dplyr
2021-11-30,65236,46958960,dplyr
2021-12-01,67697,47026657,dplyr
2021-12-02,63295,47089952,dplyr
2021-12-03,62882,47152834,dplyr
2021-12-04,34645,47187479,dplyr
2021-12-05,33797,47221276,dplyr
2021-12-06,60915,47282191,dplyr
2021-12-07,61656,47343847,dplyr
2021-12-08,61195,47405042,dplyr
2021-12-09,65815,47470857,dplyr
2021-12-10,58974,47529831,dplyr
2021-12-11,36498,47566329,dplyr
2021-12-12,43401,47609730,dplyr
2021-12-13,55506,47665236,dplyr
2021-12-14,62255,47727491,dplyr
2021-12-15,56964,47784455,dplyr
2021-12-16,56272,47840727,dplyr
2021-12-17,56088,47896815,dplyr
2021-12-18,29005,47925820,dplyr
2021-12-19,30441,47956261,dplyr
2021-12-20,51262,48007523,dplyr
2021-12-21,49278,48056801,dplyr
2021-12-22,46619,48103420,dplyr
2021-12-23,40059,48143479,dplyr
2021-12-24,30226,48173705,dplyr
2021-12-25,22538,48196243,dplyr
2021-12-26,24344,48220587,dplyr
2021-12-27,36374,48256961,dplyr
2021-12-28,37503,48294464,dplyr
2021-12-29,37918,48332382,dplyr
2021-12-30,36270,48368652,dplyr
2021-12-31,28812,48397464,dplyr
2022-01-01,23652,48421116,dplyr
2022-01-02,26125,48447241,dplyr
2022-01-03,41727,48488968,dplyr
2022-01-04,48750,48537718,dplyr
2022-01-05,50684,48588402,dplyr
2022-01-06,50766,48639168,dplyr
2022-01-07,47948,48687116,dplyr
2022-01-08,28390,48715506,dplyr
2022-01-09,28199,48743705,dplyr
2022-01-10,51360,48795065,dplyr
2022-01-11,56457,48851522,dplyr
2022-01-12,55606,48907128,dplyr
2022-01-13,55223,48962351,dplyr
2022-01-14,50035,49012386,dplyr
2022-01-15,28902,49041288,dplyr
2022-01-16,28955,49070243,dplyr
2022-01-17,46963,49117206,dplyr
2022-01-18,55283,49172489,dplyr
2022-01-19,59652,49232141,dplyr
2022-01-20,58912,49291053,dplyr
2022-01-21,52218,49343271,dplyr
2022-01-22,30456,49373727,dplyr
2022-01-23,30801,49404528,dplyr
2022-01-24,57343,49461871,dplyr
2022-01-25,59310,49521181,dplyr
2022-01-26,56801,49577982,dplyr
2022-01-27,61398,49639380,dplyr
2022-01-28,51619,49690999,dplyr
2022-01-29,29085,49720084,dplyr
2022-01-30,33912,49753996,dplyr
2022-01-31,54853,49808849,dplyr
2022-02-01,59905,49868754,dplyr
2022-02-02,59654,49928408,dplyr
2022-02-03,61859,49990267,dplyr
2022-02-04,56785,50047052,dplyr
2022-02-05,31027,50078079,dplyr
2022-02-06,30369,50108448,dplyr
2022-02-07,60532,50168980,dplyr
2022-02-08,74921,50243901,dplyr
2022-02-09,82339,50326240,dplyr
2022-02-10,74137,50400377,dplyr
2022-02-11,60867,50461244,dplyr
2022-02-12,33203,50494447,dplyr
2022-02-13,33280,50527727,dplyr
2022-02-14,64940,50592667,dplyr
2022-02-15,68315,50660982,dplyr
2022-02-16,67716,50728698,dplyr
2022-02-17,68405,50797103,dplyr
2022-02-18,58480,50855583,dplyr
2022-02-19,32175,50887758,dplyr
2022-02-20,35383,50923141,dplyr
2022-02-21,66421,50989562,dplyr
2022-02-22,67438,51057000,dplyr
2022-02-23,66841,51123841,dplyr
2022-02-24,60820,51184661,dplyr
2022-02-25,56511,51241172,dplyr
2022-02-26,31128,51272300,dplyr
2022-02-27,32175,51304475,dplyr
2022-02-28,57236,51361711,dplyr
2022-03-01,62965,51424676,dplyr
2022-03-02,66302,51490978,dplyr
2022-03-03,65334,51556312,dplyr
2022-03-04,57897,51614209,dplyr
2022-03-05,32999,51647208,dplyr
2022-03-06,33023,51680231,dplyr
2022-03-07,61252,51741483,dplyr
2022-03-08,62979,51804462,dplyr
2022-03-09,63734,51868196,dplyr
2022-03-10,64114,51932310,dplyr
2022-03-11,57228,51989538,dplyr
2022-03-12,32116,52021654,dplyr
2022-03-13,33080,52054734,dplyr
2022-03-14,63892,52118626,dplyr
2022-03-15,66368,52184994,dplyr
2022-03-16,67525,52252519,dplyr
2022-03-17,65745,52318264,dplyr
2022-03-18,57959,52376223,dplyr
2022-03-19,34546,52410769,dplyr
2022-03-20,37283,52448052,dplyr
2022-03-21,67473,52515525,dplyr
2022-03-22,67722,52583247,dplyr
2022-03-23,68296,52651543,dplyr
2022-03-24,69678,52721221,dplyr
2022-03-25,59615,52780836,dplyr
2022-03-26,34089,52814925,dplyr
2022-03-27,36489,52851414,dplyr
2022-03-28,64781,52916195,dplyr
2022-03-29,71469,52987664,dplyr
2022-03-30,69995,53057659,dplyr
2022-03-31,69002,53126661,dplyr
2022-04-01,60215,53186876,dplyr
2022-04-02,34459,53221335,dplyr
2022-04-03,33555,53254890,dplyr
2022-04-04,65971,53320861,dplyr
2022-04-05,67638,53388499,dplyr
2022-04-06,67548,53456047,dplyr
2022-04-07,68696,53524743,dplyr
2022-04-08,59060,53583803,dplyr
2022-04-09,36081,53619884,dplyr
2022-04-10,34411,53654295,dplyr
2022-04-11,65599,53719894,dplyr
2022-04-12,65391,53785285,dplyr
2022-04-13,65580,53850865,dplyr
2022-04-14,63211,53914076,dplyr
2022-04-15,51751,53965827,dplyr
2022-04-16,35369,54001196,dplyr
2022-04-17,36917,54038113,dplyr
2022-04-18,59510,54097623,dplyr
2022-04-19,75591,54173214,dplyr
2022-04-20,81077,54254291,dplyr
2022-04-21,76822,54331113,dplyr
2022-04-22,66476,54397589,dplyr
2022-04-23,38139,54435728,dplyr
2022-04-24,41103,54476831,dplyr
2022-04-25,74172,54551003,dplyr
2022-04-26,79195,54630198,dplyr
2022-04-27,78216,54708414,dplyr
2022-04-28,80946,54789360,dplyr
2022-04-29,83767,54873127,dplyr
2022-04-30,45168,54918295,dplyr
2022-05-01,49067,54967362,dplyr
2022-05-02,77685,55045047,dplyr
2022-05-03,90397,55135444,dplyr
2022-05-04,92138,55227582,dplyr
2022-05-05,93489,55321071,dplyr
2022-05-06,85390,55406461,dplyr
2022-05-07,53779,55460240,dplyr
2022-05-08,49668,55509908,dplyr
2022-05-09,82445,55592353,dplyr
2022-05-10,84932,55677285,dplyr
2022-05-11,88198,55765483,dplyr
2022-05-12,79889,55845372,dplyr
2022-05-13,71581,55916953,dplyr
2022-05-14,44786,55961739,dplyr
2022-05-15,37455,55999194,dplyr
2022-05-16,71988,56071182,dplyr
2022-05-17,81416,56152598,dplyr
2022-05-18,83175,56235773,dplyr
2022-05-19,79964,56315737,dplyr
2022-05-20,72465,56388202,dplyr
2022-05-21,40503,56428705,dplyr
2022-05-22,41765,56470470,dplyr
2022-05-23,76325,56546795,dplyr
2022-05-24,88607,56635402,dplyr
2022-05-25,71771,56707173,dplyr
2022-05-26,66333,56773506,dplyr
2022-05-27,62955,56836461,dplyr
2022-05-28,41105,56877566,dplyr
2022-05-29,40536,56918102,dplyr
2022-05-30,59791,56977893,dplyr
2022-05-31,72612,57050505,dplyr
2022-06-01,71550,57122055,dplyr
2022-06-02,68602,57190657,dplyr
2022-06-03,62650,57253307,dplyr
2022-06-04,41123,57294430,dplyr
2022-06-05,42496,57336926,dplyr
2022-06-06,67317,57404243,dplyr
2022-06-07,76913,57481156,dplyr
2022-06-08,75259,57556415,dplyr
2022-06-09,73319,57629734,dplyr
2022-06-10,73894,57703628,dplyr
2022-06-11,45788,57749416,dplyr
2022-06-12,42998,57792414,dplyr
2022-06-13,73922,57866336,dplyr
2022-06-14,77969,57944305,dplyr
2022-06-15,75374,58019679,dplyr
2022-06-16,70130,58089809,dplyr
2022-06-17,64334,58154143,dplyr
2022-06-18,38646,58192789,dplyr
2022-06-19,37681,58230470,dplyr
2022-06-20,65259,58295729,dplyr
2022-06-21,70963,58366692,dplyr
2022-06-22,69421,58436113,dplyr
2022-06-23,71227,58507340,dplyr
2022-06-24,62392,58569732,dplyr
2022-06-25,38281,58608013,dplyr
2022-06-26,40034,58648047,dplyr
2022-06-27,65563,58713610,dplyr
2022-06-28,67524,58781134,dplyr
2022-06-29,64516,58845650,dplyr
2022-06-30,60736,58906386,dplyr
2022-07-01,52953,58959339,dplyr
2022-07-02,32842,58992181,dplyr
2022-07-03,29389,59021570,dplyr
2022-07-04,47946,59069516,dplyr
2022-07-05,63770,59133286,dplyr
2022-07-06,66812,59200098,dplyr
2022-07-07,72866,59272964,dplyr
2022-07-08,75513,59348477,dplyr
2022-07-09,30476,59378953,dplyr
2022-07-10,30774,59409727,dplyr
2022-07-11,74719,59484446,dplyr
2022-07-12,70267,59554713,dplyr
2022-07-13,70775,59625488,dplyr
2022-07-14,72762,59698250,dplyr
2022-07-15,55399,59753649,dplyr
2022-07-16,32971,59786620,dplyr
2022-07-17,32265,59818885,dplyr
2022-07-18,62006,59880891,dplyr
2022-07-19,65138,59946029,dplyr
2022-07-20,61430,60007459,dplyr
2022-07-21,57934,60065393,dplyr
2022-07-22,54610,60120003,dplyr
2022-07-23,31930,60151933,dplyr
2022-07-24,34003,60185936,dplyr
2022-07-25,64611,60250547,dplyr
2022-07-26,71248,60321795,dplyr
2022-07-27,61273,60383068,dplyr
2022-07-28,60972,60444040,dplyr
2022-07-29,57474,60501514,dplyr
2022-07-30,30819,60532333,dplyr
2022-07-31,33493,60565826,dplyr
2022-08-01,66449,60632275,dplyr
2022-08-02,67923,60700198,dplyr
2022-08-03,68338,60768536,dplyr
2022-08-04,68828,60837364,dplyr
2022-08-05,55572,60892936,dplyr
2022-08-06,32373,60925309,dplyr
2022-08-07,30415,60955724,dplyr
2022-08-08,58555,61014279,dplyr
2022-08-09,57898,61072177,dplyr
2022-08-10,57787,61129964,dplyr
2022-08-11,56101,61186065,dplyr
2022-08-12,50755,61236820,dplyr
2022-08-13,28889,61265709,dplyr
2022-08-14,35006,61300715,dplyr
2022-08-15,51421,61352136,dplyr
2022-08-16,58066,61410202,dplyr
2022-08-17,61468,61471670,dplyr
2022-08-18,61108,61532778,dplyr
2022-08-19,54671,61587449,dplyr
2022-08-20,32770,61620219,dplyr
2022-08-21,31652,61651871,dplyr
2022-08-22,61661,61713532,dplyr
2022-08-23,70297,61783829,dplyr
2022-08-24,71071,61854900,dplyr
2022-08-25,69553,61924453,dplyr
2022-08-26,60782,61985235,dplyr
2022-08-27,33749,62018984,dplyr
2022-08-28,34238,62053222,dplyr
2022-08-29,65242,62118464,dplyr
2022-08-30,71282,62189746,dplyr
2022-08-31,102099,62291845,dplyr
2022-09-01,166780,62458625,dplyr
2022-09-02,139752,62598377,dplyr
2022-09-03,85558,62683935,dplyr
2022-09-04,80766,62764701,dplyr
2022-09-05,121345,62886046,dplyr
2022-09-06,134217,63020263,dplyr
2022-09-07,121770,63142033,dplyr
2022-09-08,118043,63260076,dplyr
2022-09-09,98882,63358958,dplyr
2022-09-10,63310,63422268,dplyr
2022-09-11,65325,63487593,dplyr
2022-09-12,111882,63599475,dplyr
2022-09-13,125399,63724874,dplyr
2022-09-14,127256,63852130,dplyr
2022-09-15,113172,63965302,dplyr
2022-09-16,103627,64068929,dplyr
2022-09-17,63200,64132129,dplyr
2022-09-18,68047,64200176,dplyr
2022-09-19,111462,64311638,dplyr
2022-09-20,117869,64429507,dplyr
2022-09-21,111055,64540562,dplyr
2022-09-22,115736,64656298,dplyr
2022-09-23,95935,64752233,dplyr
2022-09-24,48887,64801120,dplyr
2022-09-25,43164,64844284,dplyr
2022-09-26,79498,64923782,dplyr
2022-09-27,81203,65004985,dplyr
2022-09-28,79879,65084864,dplyr
2022-09-29,80421,65165285,dplyr
2022-09-30,72970,65238255,dplyr
2022-10-01,43129,65281384,dplyr
2022-10-02,41837,65323221,dplyr
2022-10-03,73749,65396970,dplyr
2022-10-04,81497,65478467,dplyr
2022-10-05,79818,65558285,dplyr
2022-10-06,81170,65639455,dplyr
2022-10-07,72239,65711694,dplyr
2022-10-08,41495,65753189,dplyr
2022-10-09,44559,65797748,dplyr
2022-10-10,75804,65873552,dplyr
2022-10-11,82447,65955999,dplyr
2022-10-12,79572,66035571,dplyr
2022-10-13,83023,66118594,dplyr
2022-10-14,72870,66191464,dplyr
2022-10-15,42034,66233498,dplyr
2022-10-16,44929,66278427,dplyr
2022-10-17,79635,66358062,dplyr
2022-10-18,82172,66440234,dplyr
2022-10-19,77936,66518170,dplyr
2022-10-20,77816,66595986,dplyr
2022-10-21,70744,66666730,dplyr
2022-10-22,48732,66715462,dplyr
2022-10-23,46141,66761603,dplyr
2022-10-24,79949,66841552,dplyr
2022-10-25,78431,66919983,dplyr
2022-10-26,75519,66995502,dplyr
2022-10-27,73337,67068839,dplyr
2022-10-28,65493,67134332,dplyr
2022-10-29,37822,67172154,dplyr
2022-10-30,38638,67210792,dplyr
2022-10-31,72822,67283614,dplyr
2022-11-01,67965,67351579,dplyr
2022-11-02,75668,67427247,dplyr
2022-11-03,74659,67501906,dplyr
2022-11-04,66982,67568888,dplyr
2022-11-05,36437,67605325,dplyr
2022-11-06,39057,67644382,dplyr
2022-11-07,77204,67721586,dplyr
2022-11-08,76493,67798079,dplyr
2022-11-09,74748,67872827,dplyr
2022-11-10,80267,67953094,dplyr
2022-11-11,63655,68016749,dplyr
2022-11-12,38705,68055454,dplyr
2022-11-13,38468,68093922,dplyr
2022-11-14,71243,68165165,dplyr
2022-11-15,85094,68250259,dplyr
2022-11-16,76790,68327049,dplyr
2022-11-17,74344,68401393,dplyr
2022-11-18,66145,68467538,dplyr
2022-11-19,39103,68506641,dplyr
2022-11-20,78182,68584823,dplyr
2022-11-21,74780,68659603,dplyr
2022-11-22,71127,68730730,dplyr
2022-11-23,64638,68795368,dplyr
2022-11-24,57999,68853367,dplyr
2022-11-25,48748,68902115,dplyr
2022-11-26,33600,68935715,dplyr
2022-11-27,37875,68973590,dplyr
2022-11-28,70508,69044098,dplyr
2022-11-29,94316,69138414,dplyr
2022-11-30,76256,69214670,dplyr
2022-12-01,81651,69296321,dplyr
2022-12-02,64393,69360714,dplyr
2022-12-03,41087,69401801,dplyr
2022-12-04,37194,69438995,dplyr
2022-12-05,78501,69517496,dplyr
2022-12-06,67037,69584533,dplyr
2022-12-07,69147,69653680,dplyr
2022-12-08,64948,69718628,dplyr
2022-12-09,56436,69775064,dplyr
2022-12-10,37356,69812420,dplyr
2022-12-11,39542,69851962,dplyr
2022-12-12,67459,69919421,dplyr
2022-12-13,65243,69984664,dplyr
2022-12-14,83682,70068346,dplyr
2022-12-15,64705,70133051,dplyr
2022-12-16,67751,70200802,dplyr
2022-12-17,33317,70234119,dplyr
2022-12-18,31816,70265935,dplyr
2022-12-19,62712,70328647,dplyr
2022-12-20,67673,70396320,dplyr
2022-12-21,51869,70448189,dplyr
2022-12-22,44354,70492543,dplyr
2022-12-23,37568,70530111,dplyr
2022-12-24,24844,70554955,dplyr
2022-12-25,23620,70578575,dplyr
2022-12-26,30075,70608650,dplyr
2022-12-27,38151,70646801,dplyr
2022-12-28,38706,70685507,dplyr
2022-12-29,37213,70722720,dplyr
2022-12-30,37036,70759756,dplyr
2022-12-31,24573,70784329,dplyr
2023-01-01,24380,70808709,dplyr
2023-01-02,41188,70849897,dplyr
2023-01-03,47392,70897289,dplyr
2023-01-04,51612,70948901,dplyr
2023-01-05,51667,71000568,dplyr
2023-01-06,47287,71047855,dplyr
2023-01-07,29572,71077427,dplyr
2023-01-08,31735,71109162,dplyr
2023-01-09,58130,71167292,dplyr
2023-01-10,57003,71224295,dplyr
2023-01-11,59645,71283940,dplyr
2023-01-12,91505,71375445,dplyr
2023-01-13,71214,71446659,dplyr
2023-01-14,30855,71477514,dplyr
2023-01-15,32753,71510267,dplyr
2023-01-16,50639,71560906,dplyr
2023-01-17,89811,71650717,dplyr
2023-01-18,83804,71734521,dplyr
2023-01-19,62207,71796728,dplyr
2023-01-20,55350,71852078,dplyr
2023-01-21,29866,71881944,dplyr
2023-01-22,31072,71913016,dplyr
2023-01-23,60857,71973873,dplyr
2023-01-24,64149,72038022,dplyr
2023-01-25,63980,72102002,dplyr
2023-01-26,64771,72166773,dplyr
2023-01-27,54408,72221181,dplyr
2023-01-28,33688,72254869,dplyr
2023-01-29,35584,72290453,dplyr
2023-01-30,83040,72373493,dplyr
2023-01-31,80677,72454170,dplyr
2023-02-01,73512,72527682,dplyr
2023-02-02,74564,72602246,dplyr
2023-02-03,68597,72670843,dplyr
2023-02-04,38667,72709510,dplyr
2023-02-05,35394,72744904,dplyr
2023-02-06,69751,72814655,dplyr
2023-02-07,72723,72887378,dplyr
2023-02-08,71114,72958492,dplyr
2023-02-09,70448,73028940,dplyr
2023-02-10,59841,73088781,dplyr
2023-02-11,35540,73124321,dplyr
2023-02-12,36601,73160922,dplyr
2023-02-13,69089,73230011,dplyr
2023-02-14,70215,73300226,dplyr
2023-02-15,68942,73369168,dplyr
2023-02-16,67299,73436467,dplyr
2023-02-17,60330,73496797,dplyr
2023-02-18,30154,73526951,dplyr
2023-02-19,29123,73556074,dplyr
2023-02-20,61254,73617328,dplyr
2023-02-21,71385,73688713,dplyr
2023-02-22,75756,73764469,dplyr
2023-02-23,70766,73835235,dplyr
2023-02-24,65182,73900417,dplyr
2023-02-25,34879,73935296,dplyr
2023-02-26,34219,73969515,dplyr
2023-02-27,80325,74049840,dplyr
2023-02-28,73588,74123428,dplyr
2023-03-01,72735,74196163,dplyr
2023-03-02,72387,74268550,dplyr
2023-03-03,62426,74330976,dplyr
2023-03-04,36796,74367772,dplyr
2023-03-05,36901,74404673,dplyr
2023-03-06,69295,74473968,dplyr
2023-03-07,71435,74545403,dplyr
2023-03-08,68906,74614309,dplyr
2023-03-09,73737,74688046,dplyr
2023-03-10,63609,74751655,dplyr
2023-03-11,36825,74788480,dplyr
2023-03-12,41256,74829736,dplyr
2023-03-13,74710,74904446,dplyr
2023-03-14,71593,74976039,dplyr
2023-03-15,72201,75048240,dplyr
2023-03-16,77773,75126013,dplyr
2023-03-17,70606,75196619,dplyr
2023-03-18,38340,75234959,dplyr
2023-03-19,38843,75273802,dplyr
2023-03-20,71314,75345116,dplyr
2023-03-21,80003,75425119,dplyr
2023-03-22,85248,75510367,dplyr
2023-03-23,90658,75601025,dplyr
2023-03-24,73870,75674895,dplyr
2023-03-25,42223,75717118,dplyr
2023-03-26,41145,75758263,dplyr
2023-03-27,78284,75836547,dplyr
2023-03-28,79747,75916294,dplyr
2023-03-29,75216,75991510,dplyr
2023-03-30,74831,76066341,dplyr
2023-03-31,64732,76131073,dplyr
2023-04-01,38179,76169252,dplyr
2023-04-02,37094,76206346,dplyr
2023-04-03,71775,76278121,dplyr
2023-04-04,74297,76352418,dplyr
2023-04-05,68680,76421098,dplyr
2023-04-06,64544,76485642,dplyr
2023-04-07,50666,76536308,dplyr
2023-04-08,34744,76571052,dplyr
2023-04-09,35152,76606204,dplyr
2023-04-10,59966,76666170,dplyr
2023-04-11,71412,76737582,dplyr
2023-04-12,74886,76812468,dplyr
2023-04-13,74457,76886925,dplyr
2023-04-14,62046,76948971,dplyr
2023-04-15,39728,76988699,dplyr
2023-04-16,39027,77027726,dplyr
2023-04-17,68817,77096543,dplyr
2023-04-18,73460,77170003,dplyr
2023-04-19,72716,77242719,dplyr
2023-04-20,75693,77318412,dplyr
2023-04-21,72651,77391063,dplyr
2023-04-22,42493,77433556,dplyr
2023-04-23,47079,77480635,dplyr
2023-04-24,81639,77562274,dplyr
2023-04-25,82511,77644785,dplyr
2023-04-26,78351,77723136,dplyr
2023-04-27,75297,77798433,dplyr
2023-04-28,63643,77862076,dplyr
2023-04-29,37312,77899388,dplyr
2023-04-30,36730,77936118,dplyr
2023-05-01,55441,77991559,dplyr
2023-05-02,71258,78062817,dplyr
2023-05-03,71320,78134137,dplyr
2023-05-04,72753,78206890,dplyr
2023-05-05,61402,78268292,dplyr
2023-05-06,37319,78305611,dplyr
2023-05-07,35720,78341331,dplyr
2023-05-08,67571,78408902,dplyr
2023-05-09,71230,78480132,dplyr
2023-05-10,72747,78552879,dplyr
2023-05-11,69038,78621917,dplyr
2023-05-12,60847,78682764,dplyr
2023-05-13,36718,78719482,dplyr
2023-05-14,35073,78754555,dplyr
2023-05-15,67030,78821585,dplyr
2023-05-16,71848,78893433,dplyr
2023-05-17,66694,78960127,dplyr
2023-05-18,60572,79020699,dplyr
2023-05-19,55798,79076497,dplyr
2023-05-20,33851,79110348,dplyr
2023-05-21,33049,79143397,dplyr
2023-05-22,63203,79206600,dplyr
2023-05-23,68660,79275260,dplyr
2023-05-24,67771,79343031,dplyr
2023-05-25,64074,79407105,dplyr
2023-05-26,56664,79463769,dplyr
2023-05-27,32336,79496105,dplyr
2023-05-28,32274,79528379,dplyr
2023-05-29,53110,79581489,dplyr
2023-05-30,65435,79646924,dplyr
2023-05-31,68783,79715707,dplyr
2023-06-01,64080,79779787,dplyr
2023-06-02,56355,79836142,dplyr
2023-06-03,32944,79869086,dplyr
2023-06-04,34332,79903418,dplyr
2023-06-05,62001,79965419,dplyr
2023-06-06,64894,80030313,dplyr
2023-06-07,63422,80093735,dplyr
2023-06-08,59889,80153624,dplyr
2023-06-09,53818,80207442,dplyr
2023-06-10,31774,80239216,dplyr
2023-06-11,31950,80271166,dplyr
2023-06-12,60514,80331680,dplyr
2023-06-13,63458,80395138,dplyr
2023-06-14,61677,80456815,dplyr
2023-06-15,58926,80515741,dplyr
2023-06-16,51791,80567532,dplyr
2023-06-17,28326,80595858,dplyr
2023-06-18,28352,80624210,dplyr
2023-06-19,50534,80674744,dplyr
2023-06-20,58597,80733341,dplyr
2023-06-21,55815,80789156,dplyr
2023-06-22,54256,80843412,dplyr
2023-06-23,48337,80891749,dplyr
2023-06-24,27731,80919480,dplyr
2023-06-25,27113,80946593,dplyr
2023-06-26,53491,81000084,dplyr
2023-06-27,57291,81057375,dplyr
2023-06-28,52317,81109692,dplyr
2023-06-29,48614,81158306,dplyr
2023-06-30,48965,81207271,dplyr
2023-07-01,28305,81235576,dplyr
2023-07-02,26466,81262042,dplyr
2023-07-03,44277,81306319,dplyr
2023-07-04,44345,81350664,dplyr
2023-07-05,51153,81401817,dplyr
2023-07-06,51405,81453222,dplyr
2023-07-07,46714,81499936,dplyr
2023-07-08,25126,81525062,dplyr
2023-07-09,25998,81551060,dplyr
2023-07-10,53462,81604522,dplyr
2023-07-11,54032,81658554,dplyr
2023-07-12,53336,81711890,dplyr
2023-07-13,51270,81763160,dplyr
2023-07-14,44879,81808039,dplyr
2023-07-15,25620,81833659,dplyr
2023-07-16,26656,81860315,dplyr
2023-07-17,54094,81914409,dplyr
2023-07-18,55841,81970250,dplyr
2023-07-19,50761,82021011,dplyr
2023-07-20,50676,82071687,dplyr
2023-07-21,46535,82118222,dplyr
2023-07-22,25061,82143283,dplyr
2023-07-23,24948,82168231,dplyr
2023-07-24,48169,82216400,dplyr
2023-07-25,52492,82268892,dplyr
2023-07-26,54664,82323556,dplyr
2023-07-27,50375,82373931,dplyr
2023-07-28,46726,82420657,dplyr
2023-07-29,28911,82449568,dplyr
2023-07-30,27856,82477424,dplyr
2018-08-01,18718,18718,ggplot2
2018-08-02,30541,49259,ggplot2
2018-08-03,19439,68698,ggplot2
2018-08-04,8056,76754,ggplot2
2018-08-05,8612,85366,ggplot2
2018-08-06,17220,102586,ggplot2
2018-08-07,18114,120700,ggplot2
2018-08-08,17990,138690,ggplot2
2018-08-09,17736,156426,ggplot2
2018-08-10,14900,171326,ggplot2
2018-08-11,8218,179544,ggplot2
2018-08-12,7774,187318,ggplot2
2018-08-13,17016,204334,ggplot2
2018-08-14,17663,221997,ggplot2
2018-08-15,15999,237996,ggplot2
2018-08-16,17517,255513,ggplot2
2018-08-17,14571,270084,ggplot2
2018-08-18,8346,278430,ggplot2
2018-08-19,7807,286237,ggplot2
2018-08-20,17789,304026,ggplot2
2018-08-21,19498,323524,ggplot2
2018-08-22,19010,342534,ggplot2
2018-08-23,19419,361953,ggplot2
2018-08-24,16682,378635,ggplot2
2018-08-25,8385,387020,ggplot2
2018-08-26,8136,395156,ggplot2
2018-08-27,18502,413658,ggplot2
2018-08-28,21464,435122,ggplot2
2018-08-29,21735,456857,ggplot2
2018-08-30,21807,478664,ggplot2
2018-08-31,18554,497218,ggplot2
2018-09-01,9260,506478,ggplot2
2018-09-02,8432,514910,ggplot2
2018-09-03,16472,531382,ggplot2
2018-09-04,22644,554026,ggplot2
2018-09-05,24024,578050,ggplot2
2018-09-06,24454,602504,ggplot2
2018-09-07,20226,622730,ggplot2
2018-09-08,10001,632731,ggplot2
2018-09-09,9875,642606,ggplot2
2018-09-10,23622,666228,ggplot2
2018-09-11,25508,691736,ggplot2
2018-09-12,28078,719814,ggplot2
2018-09-13,29482,749296,ggplot2
2018-09-14,25400,774696,ggplot2
2018-09-15,12339,787035,ggplot2
2018-09-16,12661,799696,ggplot2
2018-09-17,29245,828941,ggplot2
2018-09-18,31238,860179,ggplot2
2018-09-19,30100,890279,ggplot2
2018-09-20,29597,919876,ggplot2
2018-09-21,29325,949201,ggplot2
2018-09-22,12227,961428,ggplot2
2018-09-23,12599,974027,ggplot2
2018-09-24,27641,1001668,ggplot2
2018-09-25,30933,1032601,ggplot2
2018-09-26,29795,1062396,ggplot2
2018-09-27,30845,1093241,ggplot2
2018-09-28,24898,1118139,ggplot2
2018-09-29,13609,1131748,ggplot2
2018-09-30,12751,1144499,ggplot2
2018-10-01,29388,1173887,ggplot2
2018-10-02,29396,1203283,ggplot2
2018-10-03,28518,1231801,ggplot2
2018-10-04,30422,1262223,ggplot2
2018-10-05,25416,1287639,ggplot2
2018-10-06,13584,1301223,ggplot2
2018-10-07,13291,1314514,ggplot2
2018-10-08,29975,1344489,ggplot2
2018-10-09,32260,1376749,ggplot2
2018-10-10,30627,1407376,ggplot2
2018-10-11,30473,1437849,ggplot2
2018-10-12,24774,1462623,ggplot2
2018-10-13,14322,1476945,ggplot2
2018-10-14,13656,1490601,ggplot2
2018-10-15,28673,1519274,ggplot2
2018-10-16,31225,1550499,ggplot2
2018-10-17,29867,1580366,ggplot2
2018-10-18,28441,1608807,ggplot2
2018-10-19,24042,1632849,ggplot2
2018-10-20,13710,1646559,ggplot2
2018-10-21,13306,1659865,ggplot2
2018-10-22,28437,1688302,ggplot2
2018-10-23,31019,1719321,ggplot2
2018-10-24,29543,1748864,ggplot2
2018-10-25,43883,1792747,ggplot2
2018-10-26,37586,1830333,ggplot2
2018-10-27,17840,1848173,ggplot2
2018-10-28,16003,1864176,ggplot2
2018-10-29,34736,1898912,ggplot2
2018-10-30,35251,1934163,ggplot2
2018-10-31,33209,1967372,ggplot2
2018-11-01,29698,1997070,ggplot2
2018-11-02,25633,2022703,ggplot2
2018-11-03,13933,2036636,ggplot2
2018-11-04,14684,2051320,ggplot2
2018-11-05,31762,2083082,ggplot2
2018-11-06,33173,2116255,ggplot2
2018-11-07,32718,2148973,ggplot2
2018-11-08,31765,2180738,ggplot2
2018-11-09,27173,2207911,ggplot2
2018-11-10,14787,2222698,ggplot2
2018-11-11,14510,2237208,ggplot2
2018-11-12,29928,2267136,ggplot2
2018-11-13,35124,2302260,ggplot2
2018-11-14,33626,2335886,ggplot2
2018-11-15,31336,2367222,ggplot2
2018-11-16,29917,2397139,ggplot2
2018-11-17,15352,2412491,ggplot2
2018-11-18,16085,2428576,ggplot2
2018-11-19,29186,2457762,ggplot2
2018-11-20,30887,2488649,ggplot2
2018-11-21,29301,2517950,ggplot2
2018-11-22,25207,2543157,ggplot2
2018-11-23,20996,2564153,ggplot2
2018-11-24,13379,2577532,ggplot2
2018-11-25,13783,2591315,ggplot2
2018-11-26,34845,2626160,ggplot2
2018-11-27,50893,2677053,ggplot2
2018-11-28,36489,2713542,ggplot2
2018-11-29,36591,2750133,ggplot2
2018-11-30,27128,2777261,ggplot2
2018-12-01,15270,2792531,ggplot2
2018-12-02,15274,2807805,ggplot2
2018-12-03,30347,2838152,ggplot2
2018-12-04,30936,2869088,ggplot2
2018-12-05,30549,2899637,ggplot2
2018-12-06,31698,2931335,ggplot2
2018-12-07,27606,2958941,ggplot2
2018-12-08,16122,2975063,ggplot2
2018-12-09,16360,2991423,ggplot2
2018-12-10,28061,3019484,ggplot2
2018-12-11,30662,3050146,ggplot2
2018-12-12,27133,3077279,ggplot2
2018-12-13,27105,3104384,ggplot2
2018-12-14,21040,3125424,ggplot2
2018-12-15,13126,3138550,ggplot2
2018-12-16,13092,3151642,ggplot2
2018-12-17,23212,3174854,ggplot2
2018-12-18,22628,3197482,ggplot2
2018-12-19,24141,3221623,ggplot2
2018-12-20,20509,3242132,ggplot2
2018-12-21,16089,3258221,ggplot2
2018-12-22,9232,3267453,ggplot2
2018-12-23,9011,3276464,ggplot2
2018-12-24,10486,3286950,ggplot2
2018-12-25,9010,3295960,ggplot2
2018-12-26,12964,3308924,ggplot2
2018-12-27,13846,3322770,ggplot2
2018-12-28,12993,3335763,ggplot2
2018-12-29,8865,3344628,ggplot2
2018-12-30,8423,3353051,ggplot2
2018-12-31,9523,3362574,ggplot2
2019-01-01,8102,3370676,ggplot2
2019-01-02,16773,3387449,ggplot2
2019-01-03,19242,3406691,ggplot2
2019-01-04,18252,3424943,ggplot2
2019-01-05,11754,3436697,ggplot2
2019-01-06,11591,3448288,ggplot2
2019-01-07,24240,3472528,ggplot2
2019-01-08,26369,3498897,ggplot2
2019-01-09,27602,3526499,ggplot2
2019-01-10,28216,3554715,ggplot2
2019-01-11,25481,3580196,ggplot2
2019-01-12,14526,3594722,ggplot2
2019-01-13,14799,3609521,ggplot2
2019-01-14,28413,3637934,ggplot2
2019-01-15,31449,3669383,ggplot2
2019-01-16,31922,3701305,ggplot2
2019-01-17,29946,3731251,ggplot2
2019-01-18,28402,3759653,ggplot2
2019-01-19,16706,3776359,ggplot2
2019-01-20,15812,3792171,ggplot2
2019-01-21,28003,3820174,ggplot2
2019-01-22,32733,3852907,ggplot2
2019-01-23,32246,3885153,ggplot2
2019-01-24,31655,3916808,ggplot2
2019-01-25,26412,3943220,ggplot2
2019-01-26,12963,3956183,ggplot2
2019-01-27,13420,3969603,ggplot2
2019-01-28,30624,4000227,ggplot2
2019-01-29,30601,4030828,ggplot2
2019-01-30,30201,4061029,ggplot2
2019-01-31,27945,4088974,ggplot2
2019-02-01,27764,4116738,ggplot2
2019-02-02,14888,4131626,ggplot2
2019-02-03,14211,4145837,ggplot2
2019-02-04,29984,4175821,ggplot2
2019-02-05,31255,4207076,ggplot2
2019-02-06,29305,4236381,ggplot2
2019-02-07,31533,4267914,ggplot2
2019-02-08,28147,4296061,ggplot2
2019-02-09,14593,4310654,ggplot2
2019-02-10,14459,4325113,ggplot2
2019-02-11,31001,4356114,ggplot2
2019-02-12,32069,4388183,ggplot2
2019-02-13,33311,4421494,ggplot2
2019-02-14,28451,4449945,ggplot2
2019-02-15,30772,4480717,ggplot2
2019-02-16,14831,4495548,ggplot2
2019-02-17,14540,4510088,ggplot2
2019-02-18,27657,4537745,ggplot2
2019-02-19,30305,4568050,ggplot2
2019-02-20,30607,4598657,ggplot2
2019-02-21,31876,4630533,ggplot2
2019-02-22,28136,4658669,ggplot2
2019-02-23,15212,4673881,ggplot2
2019-02-24,14168,4688049,ggplot2
2019-02-25,30194,4718243,ggplot2
2019-02-26,31933,4750176,ggplot2
2019-02-27,29916,4780092,ggplot2
2019-02-28,29208,4809300,ggplot2
2019-03-01,25385,4834685,ggplot2
2019-03-02,13344,4848029,ggplot2
2019-03-03,13459,4861488,ggplot2
2019-03-04,28582,4890070,ggplot2
2019-03-05,29721,4919791,ggplot2
2019-03-06,30397,4950188,ggplot2
2019-03-07,30513,4980701,ggplot2
2019-03-08,26021,5006722,ggplot2
2019-03-09,14352,5021074,ggplot2
2019-03-10,14313,5035387,ggplot2
2019-03-11,30667,5066054,ggplot2
2019-03-12,32065,5098119,ggplot2
2019-03-13,31370,5129489,ggplot2
2019-03-14,31379,5160868,ggplot2
2019-03-15,26856,5187724,ggplot2
2019-03-16,14636,5202360,ggplot2
2019-03-17,14732,5217092,ggplot2
2019-03-18,29650,5246742,ggplot2
2019-03-19,32202,5278944,ggplot2
2019-03-20,32097,5311041,ggplot2
2019-03-21,30278,5341319,ggplot2
2019-03-22,26906,5368225,ggplot2
2019-03-23,16989,5385214,ggplot2
2019-03-24,14687,5399901,ggplot2
2019-03-25,30909,5430810,ggplot2
2019-03-26,32849,5463659,ggplot2
2019-03-27,31927,5495586,ggplot2
2019-03-28,31303,5526889,ggplot2
2019-03-29,25712,5552601,ggplot2
2019-03-30,14178,5566779,ggplot2
2019-03-31,14353,5581132,ggplot2
2019-04-01,29170,5610302,ggplot2
2019-04-02,30819,5641121,ggplot2
2019-04-03,31342,5672463,ggplot2
2019-04-04,31295,5703758,ggplot2
2019-04-05,26908,5730666,ggplot2
2019-04-06,14608,5745274,ggplot2
2019-04-07,20784,5766058,ggplot2
2019-04-08,40686,5806744,ggplot2
2019-04-09,38956,5845700,ggplot2
2019-04-10,37101,5882801,ggplot2
2019-04-11,35232,5918033,ggplot2
2019-04-12,31177,5949210,ggplot2
2019-04-13,16601,5965811,ggplot2
2019-04-14,16713,5982524,ggplot2
2019-04-15,33177,6015701,ggplot2
2019-04-16,32762,6048463,ggplot2
2019-04-17,32585,6081048,ggplot2
2019-04-18,29258,6110306,ggplot2
2019-04-19,22829,6133135,ggplot2
2019-04-20,15283,6148418,ggplot2
2019-04-21,13779,6162197,ggplot2
2019-04-22,25061,6187258,ggplot2
2019-04-23,31446,6218704,ggplot2
2019-04-24,31365,6250069,ggplot2
2019-04-25,29973,6280042,ggplot2
2019-04-26,27867,6307909,ggplot2
2019-04-27,16977,6324886,ggplot2
2019-04-28,18428,6343314,ggplot2
2019-04-29,34501,6377815,ggplot2
2019-04-30,33817,6411632,ggplot2
2019-05-01,26892,6438524,ggplot2
2019-05-02,32869,6471393,ggplot2
2019-05-03,28609,6500002,ggplot2
2019-05-04,16175,6516177,ggplot2
2019-05-05,15915,6532092,ggplot2
2019-05-06,31439,6563531,ggplot2
2019-05-07,33712,6597243,ggplot2
2019-05-08,34193,6631436,ggplot2
2019-05-09,33518,6664954,ggplot2
2019-05-10,28125,6693079,ggplot2
2019-05-11,15181,6708260,ggplot2
2019-05-12,15583,6723843,ggplot2
2019-05-13,32444,6756287,ggplot2
2019-05-14,34228,6790515,ggplot2
2019-05-15,33027,6823542,ggplot2
2019-05-16,33147,6856689,ggplot2
2019-05-17,28676,6885365,ggplot2
2019-05-18,16011,6901376,ggplot2
2019-05-19,15568,6916944,ggplot2
2019-05-20,30760,6947704,ggplot2
2019-05-21,33950,6981654,ggplot2
2019-05-22,32006,7013660,ggplot2
2019-05-23,31381,7045041,ggplot2
2019-05-24,27280,7072321,ggplot2
2019-05-25,14754,7087075,ggplot2
2019-05-26,14502,7101577,ggplot2
2019-05-27,25715,7127292,ggplot2
2019-05-28,32328,7159620,ggplot2
2019-05-29,30383,7190003,ggplot2
2019-05-30,27141,7217144,ggplot2
2019-05-31,24547,7241691,ggplot2
2019-06-01,13877,7255568,ggplot2
2019-06-02,13451,7269019,ggplot2
2019-06-03,28970,7297989,ggplot2
2019-06-04,30347,7328336,ggplot2
2019-06-05,28045,7356381,ggplot2
2019-06-06,27946,7384327,ggplot2
2019-06-07,24233,7408560,ggplot2
2019-06-08,13305,7421865,ggplot2
2019-06-09,13234,7435099,ggplot2
2019-06-10,24948,7460047,ggplot2
2019-06-11,29315,7489362,ggplot2
2019-06-12,28299,7517661,ggplot2
2019-06-13,26924,7544585,ggplot2
2019-06-14,24557,7569142,ggplot2
2019-06-15,13436,7582578,ggplot2
2019-06-16,15794,7598372,ggplot2
2019-06-17,35839,7634211,ggplot2
2019-06-18,35040,7669251,ggplot2
2019-06-19,32134,7701385,ggplot2
2019-06-20,28947,7730332,ggplot2
2019-06-21,25088,7755420,ggplot2
2019-06-22,14380,7769800,ggplot2
2019-06-23,13094,7782894,ggplot2
2019-06-24,27053,7809947,ggplot2
2019-06-25,29572,7839519,ggplot2
2019-06-26,26916,7866435,ggplot2
2019-06-27,26575,7893010,ggplot2
2019-06-28,24998,7918008,ggplot2
2019-06-29,13264,7931272,ggplot2
2019-06-30,13395,7944667,ggplot2
2019-07-01,26877,7971544,ggplot2
2019-07-02,28288,7999832,ggplot2
2019-07-03,28162,8027994,ggplot2
2019-07-04,23002,8050996,ggplot2
2019-07-05,21848,8072844,ggplot2
2019-07-06,13798,8086642,ggplot2
2019-07-07,13102,8099744,ggplot2
2019-07-08,28888,8128632,ggplot2
2019-07-09,30150,8158782,ggplot2
2019-07-10,27429,8186211,ggplot2
2019-07-11,26864,8213075,ggplot2
2019-07-12,23810,8236885,ggplot2
2019-07-13,12774,8249659,ggplot2
2019-07-14,12441,8262100,ggplot2
2019-07-15,24892,8286992,ggplot2
2019-07-16,27896,8314888,ggplot2
2019-07-17,27623,8342511,ggplot2
2019-07-18,27986,8370497,ggplot2
2019-07-19,23997,8394494,ggplot2
2019-07-20,12421,8406915,ggplot2
2019-07-21,12377,8419292,ggplot2
2019-07-22,25243,8444535,ggplot2
2019-07-23,29220,8473755,ggplot2
2019-07-24,26962,8500717,ggplot2
2019-07-25,27336,8528053,ggplot2
2019-07-26,24481,8552534,ggplot2
2019-07-27,12891,8565425,ggplot2
2019-07-28,12741,8578166,ggplot2
2019-07-29,25327,8603493,ggplot2
2019-07-30,26901,8630394,ggplot2
2019-07-31,27130,8657524,ggplot2
2019-08-01,25366,8682890,ggplot2
2019-08-02,22690,8705580,ggplot2
2019-08-03,12069,8717649,ggplot2
2019-08-04,11686,8729335,ggplot2
2019-08-05,25623,8754958,ggplot2
2019-08-06,27992,8782950,ggplot2
2019-08-07,26586,8809536,ggplot2
2019-08-08,26194,8835730,ggplot2
2019-08-09,22061,8857791,ggplot2
2019-08-10,11743,8869534,ggplot2
2019-08-11,14718,8884252,ggplot2
2019-08-12,29697,8913949,ggplot2
2019-08-13,30201,8944150,ggplot2
2019-08-14,28992,8973142,ggplot2
2019-08-15,24520,8997662,ggplot2
2019-08-16,22943,9020605,ggplot2
2019-08-17,13326,9033931,ggplot2
2019-08-18,12838,9046769,ggplot2
2019-08-19,28192,9074961,ggplot2
2019-08-20,29415,9104376,ggplot2
2019-08-21,29177,9133553,ggplot2
2019-08-22,29221,9162774,ggplot2
2019-08-23,23477,9186251,ggplot2
2019-08-24,14473,9200724,ggplot2
2019-08-25,13280,9214004,ggplot2
2019-08-26,27804,9241808,ggplot2
2019-08-27,32871,9274679,ggplot2
2019-08-28,31730,9306409,ggplot2
2019-08-29,30069,9336478,ggplot2
2019-08-30,27377,9363855,ggplot2
2019-08-31,13531,9377386,ggplot2
2019-09-01,13103,9390489,ggplot2
2019-09-02,25096,9415585,ggplot2
2019-09-03,33153,9448738,ggplot2
2019-09-04,36386,9485124,ggplot2
2019-09-05,36379,9521503,ggplot2
2019-09-06,32544,9554047,ggplot2
2019-09-07,20167,9574214,ggplot2
2019-09-08,18635,9592849,ggplot2
2019-09-09,40180,9633029,ggplot2
2019-09-10,40430,9673459,ggplot2
2019-09-11,40541,9714000,ggplot2
2019-09-12,37807,9751807,ggplot2
2019-09-13,31932,9783739,ggplot2
2019-09-14,20228,9803967,ggplot2
2019-09-15,21339,9825306,ggplot2
2019-09-16,41397,9866703,ggplot2
2019-09-17,44993,9911696,ggplot2
2019-09-18,43846,9955542,ggplot2
2019-09-19,42844,9998386,ggplot2
2019-09-20,35623,10034009,ggplot2
2019-09-21,21872,10055881,ggplot2
2019-09-22,21815,10077696,ggplot2
2019-09-23,41411,10119107,ggplot2
2019-09-24,43710,10162817,ggplot2
2019-09-25,43067,10205884,ggplot2
2019-09-26,40469,10246353,ggplot2
2019-09-27,36776,10283129,ggplot2
2019-09-28,21055,10304184,ggplot2
2019-09-29,21450,10325634,ggplot2
2019-09-30,40492,10366126,ggplot2
2019-10-01,42182,10408308,ggplot2
2019-10-02,39292,10447600,ggplot2
2019-10-03,38139,10485739,ggplot2
2019-10-04,34742,10520481,ggplot2
2019-10-05,21580,10542061,ggplot2
2019-10-06,20301,10562362,ggplot2
2019-10-07,39840,10602202,ggplot2
2019-10-08,41505,10643707,ggplot2
2019-10-09,41291,10684998,ggplot2
2019-10-10,40191,10725189,ggplot2
2019-10-11,34916,10760105,ggplot2
2019-10-12,22149,10782254,ggplot2
2019-10-13,21523,10803777,ggplot2
2019-10-14,38852,10842629,ggplot2
2019-10-15,41294,10883923,ggplot2
2019-10-16,39713,10923636,ggplot2
2019-10-17,38513,10962149,ggplot2
2019-10-18,32965,10995114,ggplot2
2019-10-19,20829,11015943,ggplot2
2019-10-20,20256,11036199,ggplot2
2019-10-21,39235,11075434,ggplot2
2019-10-22,43015,11118449,ggplot2
2019-10-23,40284,11158733,ggplot2
2019-10-24,39548,11198281,ggplot2
2019-10-25,33127,11231408,ggplot2
2019-10-26,19435,11250843,ggplot2
2019-10-27,19891,11270734,ggplot2
2019-10-28,37834,11308568,ggplot2
2019-10-29,40898,11349466,ggplot2
2019-10-30,38987,11388453,ggplot2
2019-10-31,36279,11424732,ggplot2
2019-11-01,28541,11453273,ggplot2
2019-11-02,18041,11471314,ggplot2
2019-11-03,19122,11490436,ggplot2
2019-11-04,37548,11527984,ggplot2
2019-11-05,39987,11567971,ggplot2
2019-11-06,37668,11605639,ggplot2
2019-11-07,35660,11641299,ggplot2
2019-11-08,31914,11673213,ggplot2
2019-11-09,20246,11693459,ggplot2
2019-11-10,19758,11713217,ggplot2
2019-11-11,34894,11748111,ggplot2
2019-11-12,39433,11787544,ggplot2
2019-11-13,38372,11825916,ggplot2
2019-11-14,36852,11862768,ggplot2
2019-11-15,32828,11895596,ggplot2
2019-11-16,20420,11916016,ggplot2
2019-11-17,20686,11936702,ggplot2
2019-11-18,38284,11974986,ggplot2
2019-11-19,39056,12014042,ggplot2
2019-11-20,36511,12050553,ggplot2
2019-11-21,42664,12093217,ggplot2
2019-11-22,38071,12131288,ggplot2
2019-11-23,21411,12152699,ggplot2
2019-11-24,21592,12174291,ggplot2
2019-11-25,40979,12215270,ggplot2
2019-11-26,43498,12258768,ggplot2
2019-11-27,39898,12298666,ggplot2
2019-11-28,34826,12333492,ggplot2
2019-11-29,29254,12362746,ggplot2
2019-11-30,20548,12383294,ggplot2
2019-12-01,22036,12405330,ggplot2
2019-12-02,42975,12448305,ggplot2
2019-12-03,43706,12492011,ggplot2
2019-12-04,42529,12534540,ggplot2
2019-12-05,40421,12574961,ggplot2
2019-12-06,44507,12619468,ggplot2
2019-12-07,20282,12639750,ggplot2
2019-12-08,20346,12660096,ggplot2
2019-12-09,39640,12699736,ggplot2
2019-12-10,41507,12741243,ggplot2
2019-12-11,39932,12781175,ggplot2
2019-12-12,37719,12818894,ggplot2
2019-12-13,32123,12851017,ggplot2
2019-12-14,20592,12871609,ggplot2
2019-12-15,20416,12892025,ggplot2
2019-12-16,35650,12927675,ggplot2
2019-12-17,36712,12964387,ggplot2
2019-12-18,34181,12998568,ggplot2
2019-12-19,32114,13030682,ggplot2
2019-12-20,27622,13058304,ggplot2
2019-12-21,17213,13075517,ggplot2
2019-12-22,15471,13090988,ggplot2
2019-12-23,22060,13113048,ggplot2
2019-12-24,18065,13131113,ggplot2
2019-12-25,13758,13144871,ggplot2
2019-12-26,17682,13162553,ggplot2
2019-12-27,18957,13181510,ggplot2
2019-12-28,15572,13197082,ggplot2
2019-12-29,15442,13212524,ggplot2
2019-12-30,22328,13234852,ggplot2
2019-12-31,17464,13252316,ggplot2
2020-01-01,12905,13265221,ggplot2
2020-01-02,23817,13289038,ggplot2
2020-01-03,25589,13314627,ggplot2
2020-01-04,18100,13332727,ggplot2
2020-01-05,17387,13350114,ggplot2
2020-01-06,32192,13382306,ggplot2
2020-01-07,37478,13419784,ggplot2
2020-01-08,37390,13457174,ggplot2
2020-01-09,37363,13494537,ggplot2
2020-01-10,34969,13529506,ggplot2
2020-01-11,20575,13550081,ggplot2
2020-01-12,23692,13573773,ggplot2
2020-01-13,41793,13615566,ggplot2
2020-01-14,42412,13657978,ggplot2
2020-01-15,40575,13698553,ggplot2
2020-01-16,40150,13738703,ggplot2
2020-01-17,34442,13773145,ggplot2
2020-01-18,19643,13792788,ggplot2
2020-01-19,19089,13811877,ggplot2
2020-01-20,34508,13846385,ggplot2
2020-01-21,41155,13887540,ggplot2
2020-01-22,41689,13929229,ggplot2
2020-01-23,40107,13969336,ggplot2
2020-01-24,33951,14003287,ggplot2
2020-01-25,20226,14023513,ggplot2
2020-01-26,20260,14043773,ggplot2
2020-01-27,37986,14081759,ggplot2
2020-01-28,41526,14123285,ggplot2
2020-01-29,42271,14165556,ggplot2
2020-01-30,40697,14206253,ggplot2
2020-01-31,36142,14242395,ggplot2
2020-02-01,20125,14262520,ggplot2
2020-02-02,19597,14282117,ggplot2
2020-02-03,39741,14321858,ggplot2
2020-02-04,42483,14364341,ggplot2
2020-02-05,42100,14406441,ggplot2
2020-02-06,42561,14449002,ggplot2
2020-02-07,40696,14489698,ggplot2
2020-02-08,24952,14514650,ggplot2
2020-02-09,24270,14538920,ggplot2
2020-02-10,42275,14581195,ggplot2
2020-02-11,45186,14626381,ggplot2
2020-02-12,46417,14672798,ggplot2
2020-02-13,42489,14715287,ggplot2
2020-02-14,34998,14750285,ggplot2
2020-02-15,19640,14769925,ggplot2
2020-02-16,19871,14789796,ggplot2
2020-02-17,40189,14829985,ggplot2
2020-02-18,45692,14875677,ggplot2
2020-02-19,46116,14921793,ggplot2
2020-02-20,44429,14966222,ggplot2
2020-02-21,39446,15005668,ggplot2
2020-02-22,24457,15030125,ggplot2
2020-02-23,24404,15054529,ggplot2
2020-02-24,39287,15093816,ggplot2
2020-02-25,42860,15136676,ggplot2
2020-02-26,44631,15181307,ggplot2
2020-02-27,42154,15223461,ggplot2
2020-02-28,34426,15257887,ggplot2
2020-02-29,5554,15263441,ggplot2
2020-03-01,19205,15282646,ggplot2
2020-03-02,42042,15324688,ggplot2
2020-03-03,50320,15375008,ggplot2
2020-03-04,51059,15426067,ggplot2
2020-03-05,54743,15480810,ggplot2
2020-03-06,60530,15541340,ggplot2
2020-03-07,40101,15581441,ggplot2
2020-03-08,41954,15623395,ggplot2
2020-03-09,67698,15691093,ggplot2
2020-03-10,68219,15759312,ggplot2
2020-03-11,65103,15824415,ggplot2
2020-03-12,60773,15885188,ggplot2
2020-03-13,53728,15938916,ggplot2
2020-03-14,43836,15982752,ggplot2
2020-03-15,45254,16028006,ggplot2
2020-03-16,61202,16089208,ggplot2
2020-03-17,64476,16153684,ggplot2
2020-03-18,69799,16223483,ggplot2
2020-03-19,66570,16290053,ggplot2
2020-03-20,60288,16350341,ggplot2
2020-03-21,50806,16401147,ggplot2
2020-03-22,52172,16453319,ggplot2
2020-03-23,63825,16517144,ggplot2
2020-03-24,64757,16581901,ggplot2
2020-03-25,63129,16645030,ggplot2
2020-03-26,64756,16709786,ggplot2
2020-03-27,63344,16773130,ggplot2
2020-03-28,50714,16823844,ggplot2
2020-03-29,52736,16876580,ggplot2
2020-03-30,63720,16940300,ggplot2
2020-03-31,66205,17006505,ggplot2
2020-04-01,65428,17071933,ggplot2
2020-04-02,64425,17136358,ggplot2
2020-04-03,60720,17197078,ggplot2
2020-04-04,50522,17247600,ggplot2
2020-04-05,50101,17297701,ggplot2
2020-04-06,62816,17360517,ggplot2
2020-04-07,65036,17425553,ggplot2
2020-04-08,65465,17491018,ggplot2
2020-04-09,62851,17553869,ggplot2
2020-04-10,57150,17611019,ggplot2
2020-04-11,49770,17660789,ggplot2
2020-04-12,49406,17710195,ggplot2
2020-04-13,62328,17772523,ggplot2
2020-04-14,62943,17835466,ggplot2
2020-04-15,61322,17896788,ggplot2
2020-04-16,60828,17957616,ggplot2
2020-04-17,57652,18015268,ggplot2
2020-04-18,52350,18067618,ggplot2
2020-04-19,48923,18116541,ggplot2
2020-04-20,62666,18179207,ggplot2
2020-04-21,63808,18243015,ggplot2
2020-04-22,63820,18306835,ggplot2
2020-04-23,64844,18371679,ggplot2
2020-04-24,62936,18434615,ggplot2
2020-04-25,49891,18484506,ggplot2
2020-04-26,50628,18535134,ggplot2
2020-04-27,63519,18598653,ggplot2
2020-04-28,65548,18664201,ggplot2
2020-04-29,67384,18731585,ggplot2
2020-04-30,63632,18795217,ggplot2
2020-05-01,56357,18851574,ggplot2
2020-05-02,51219,18902793,ggplot2
2020-05-03,52507,18955300,ggplot2
2020-05-04,60911,19016211,ggplot2
2020-05-05,61734,19077945,ggplot2
2020-05-06,63293,19141238,ggplot2
2020-05-07,61673,19202911,ggplot2
2020-05-08,59170,19262081,ggplot2
2020-05-09,49081,19311162,ggplot2
2020-05-10,45990,19357152,ggplot2
2020-05-11,60420,19417572,ggplot2
2020-05-12,63852,19481424,ggplot2
2020-05-13,62103,19543527,ggplot2
2020-05-14,60082,19603609,ggplot2
2020-05-15,57881,19661490,ggplot2
2020-05-16,44388,19705878,ggplot2
2020-05-17,49915,19755793,ggplot2
2020-05-18,60331,19816124,ggplot2
2020-05-19,64693,19880817,ggplot2
2020-05-20,56085,19936902,ggplot2
2020-05-21,49549,19986451,ggplot2
2020-05-22,46647,20033098,ggplot2
2020-05-23,42143,20075241,ggplot2
2020-05-24,41904,20117145,ggplot2
2020-05-25,47728,20164873,ggplot2
2020-05-26,52889,20217762,ggplot2
2020-05-27,53452,20271214,ggplot2
2020-05-28,52519,20323733,ggplot2
2020-05-29,66423,20390156,ggplot2
2020-05-30,46193,20436349,ggplot2
2020-05-31,47186,20483535,ggplot2
2020-06-01,59302,20542837,ggplot2
2020-06-02,64501,20607338,ggplot2
2020-06-03,64499,20671837,ggplot2
2020-06-04,60737,20732574,ggplot2
2020-06-05,58024,20790598,ggplot2
2020-06-06,46792,20837390,ggplot2
2020-06-07,46655,20884045,ggplot2
2020-06-08,64781,20948826,ggplot2
2020-06-09,61570,21010396,ggplot2
2020-06-10,60611,21071007,ggplot2
2020-06-11,60719,21131726,ggplot2
2020-06-12,54506,21186232,ggplot2
2020-06-13,45697,21231929,ggplot2
2020-06-14,47748,21279677,ggplot2
2020-06-15,60293,21339970,ggplot2
2020-06-16,60918,21400888,ggplot2
2020-06-17,56716,21457604,ggplot2
2020-06-18,64021,21521625,ggplot2
2020-06-19,60709,21582334,ggplot2
2020-06-20,46164,21628498,ggplot2
2020-06-21,45808,21674306,ggplot2
2020-06-22,60423,21734729,ggplot2
2020-06-23,58851,21793580,ggplot2
2020-06-24,53214,21846794,ggplot2
2020-06-25,53794,21900588,ggplot2
2020-06-26,51060,21951648,ggplot2
2020-06-27,38067,21989715,ggplot2
2020-06-28,38917,22028632,ggplot2
2020-06-29,53503,22082135,ggplot2
2020-06-30,54768,22136903,ggplot2
2020-07-01,50074,22186977,ggplot2
2020-07-02,51602,22238579,ggplot2
2020-07-03,46974,22285553,ggplot2
2020-07-04,35083,22320636,ggplot2
2020-07-05,37543,22358179,ggplot2
2020-07-06,51844,22410023,ggplot2
2020-07-07,51872,22461895,ggplot2
2020-07-08,51688,22513583,ggplot2
2020-07-09,51247,22564830,ggplot2
2020-07-10,50757,22615587,ggplot2
2020-07-11,35868,22651455,ggplot2
2020-07-12,37875,22689330,ggplot2
2020-07-13,49251,22738581,ggplot2
2020-07-14,52927,22791508,ggplot2
2020-07-15,51331,22842839,ggplot2
2020-07-16,51781,22894620,ggplot2
2020-07-17,47794,22942414,ggplot2
2020-07-18,39718,22982132,ggplot2
2020-07-19,38070,23020202,ggplot2
2020-07-20,53887,23074089,ggplot2
2020-07-21,52269,23126358,ggplot2
2020-07-22,50340,23176698,ggplot2
2020-07-23,51436,23228134,ggplot2
2020-07-24,47788,23275922,ggplot2
2020-07-25,39144,23315066,ggplot2
2020-07-26,39036,23354102,ggplot2
2020-07-27,49406,23403508,ggplot2
2020-07-28,48598,23452106,ggplot2
2020-07-29,48137,23500243,ggplot2
2020-07-30,47469,23547712,ggplot2
2020-07-31,44269,23591981,ggplot2
2020-08-01,36606,23628587,ggplot2
2020-08-02,35332,23663919,ggplot2
2020-08-03,50816,23714735,ggplot2
2020-08-04,50676,23765411,ggplot2
2020-08-05,52680,23818091,ggplot2
2020-08-06,49193,23867284,ggplot2
2020-08-07,45563,23912847,ggplot2
2020-08-08,35133,23947980,ggplot2
2020-08-09,36155,23984135,ggplot2
2020-08-10,47625,24031760,ggplot2
2020-08-11,51114,24082874,ggplot2
2020-08-12,48458,24131332,ggplot2
2020-08-13,49645,24180977,ggplot2
2020-08-14,44313,24225290,ggplot2
2020-08-15,35502,24260792,ggplot2
2020-08-16,39237,24300029,ggplot2
2020-08-17,48309,24348338,ggplot2
2020-08-18,50624,24398962,ggplot2
2020-08-19,50317,24449279,ggplot2
2020-08-20,46390,24495669,ggplot2
2020-08-21,45432,24541101,ggplot2
2020-08-22,37043,24578144,ggplot2
2020-08-23,36787,24614931,ggplot2
2020-08-24,51538,24666469,ggplot2
2020-08-25,52207,24718676,ggplot2
2020-08-26,52950,24771626,ggplot2
2020-08-27,51600,24823226,ggplot2
2020-08-28,46323,24869549,ggplot2
2020-08-29,36264,24905813,ggplot2
2020-08-30,36953,24942766,ggplot2
2020-08-31,49673,24992439,ggplot2
2020-09-01,52930,25045369,ggplot2
2020-09-02,55732,25101101,ggplot2
2020-09-03,58441,25159542,ggplot2
2020-09-04,48165,25207707,ggplot2
2020-09-05,36310,25244017,ggplot2
2020-09-06,37284,25281301,ggplot2
2020-09-07,48814,25330115,ggplot2
2020-09-08,54889,25385004,ggplot2
2020-09-09,57006,25442010,ggplot2
2020-09-10,56472,25498482,ggplot2
2020-09-11,52556,25551038,ggplot2
2020-09-12,37275,25588313,ggplot2
2020-09-13,37507,25625820,ggplot2
2020-09-14,56306,25682126,ggplot2
2020-09-15,52343,25734469,ggplot2
2020-09-16,44555,25779024,ggplot2
2020-09-17,58460,25837484,ggplot2
2020-09-18,65126,25902610,ggplot2
2020-09-19,43116,25945726,ggplot2
2020-09-20,44278,25990004,ggplot2
2020-09-21,62429,26052433,ggplot2
2020-09-22,65275,26117708,ggplot2
2020-09-23,62603,26180311,ggplot2
2020-09-24,62588,26242899,ggplot2
2020-09-25,58161,26301060,ggplot2
2020-09-26,43607,26344667,ggplot2
2020-09-27,45068,26389735,ggplot2
2020-09-28,60917,26450652,ggplot2
2020-09-29,63517,26514169,ggplot2
2020-09-30,64071,26578240,ggplot2
2020-10-01,60625,26638865,ggplot2
2020-10-02,56791,26695656,ggplot2
2020-10-03,41960,26737616,ggplot2
2020-10-04,43545,26781161,ggplot2
2020-10-05,60358,26841519,ggplot2
2020-10-06,64249,26905768,ggplot2
2020-10-07,62920,26968688,ggplot2
2020-10-08,61476,27030164,ggplot2
2020-10-09,54174,27084338,ggplot2
2020-10-10,43268,27127606,ggplot2
2020-10-11,44827,27172433,ggplot2
2020-10-12,60500,27232933,ggplot2
2020-10-13,62278,27295211,ggplot2
2020-10-14,62591,27357802,ggplot2
2020-10-15,62312,27420114,ggplot2
2020-10-16,56115,27476229,ggplot2
2020-10-17,42173,27518402,ggplot2
2020-10-18,42621,27561023,ggplot2
2020-10-19,60789,27621812,ggplot2
2020-10-20,62682,27684494,ggplot2
2020-10-21,61665,27746159,ggplot2
2020-10-22,60086,27806245,ggplot2
2020-10-23,54216,27860461,ggplot2
2020-10-24,41116,27901577,ggplot2
2020-10-25,40229,27941806,ggplot2
2020-10-26,57844,27999650,ggplot2
2020-10-27,61206,28060856,ggplot2
2020-10-28,59190,28120046,ggplot2
2020-10-29,58982,28179028,ggplot2
2020-10-30,55383,28234411,ggplot2
2020-10-31,40497,28274908,ggplot2
2020-11-01,41434,28316342,ggplot2
2020-11-02,58532,28374874,ggplot2
2020-11-03,61838,28436712,ggplot2
2020-11-04,60104,28496816,ggplot2
2020-11-05,60595,28557411,ggplot2
2020-11-06,54649,28612060,ggplot2
2020-11-07,42714,28654774,ggplot2
2020-11-08,43118,28697892,ggplot2
2020-11-09,63408,28761300,ggplot2
2020-11-10,73909,28835209,ggplot2
2020-11-11,73514,28908723,ggplot2
2020-11-12,71788,28980511,ggplot2
2020-11-13,66148,29046659,ggplot2
2020-11-14,52925,29099584,ggplot2
2020-11-15,54136,29153720,ggplot2
2020-11-16,69719,29223439,ggplot2
2020-11-17,74014,29297453,ggplot2
2020-11-18,71236,29368689,ggplot2
2020-11-19,70541,29439230,ggplot2
2020-11-20,66101,29505331,ggplot2
2020-11-21,53323,29558654,ggplot2
2020-11-22,51742,29610396,ggplot2
2020-11-23,67641,29678037,ggplot2
2020-11-24,65529,29743566,ggplot2
2020-11-25,51643,29795209,ggplot2
2020-11-26,58332,29853541,ggplot2
2020-11-27,55822,29909363,ggplot2
2020-11-28,47607,29956970,ggplot2
2020-11-29,52188,30009158,ggplot2
2020-11-30,67441,30076599,ggplot2
2020-12-01,63422,30140021,ggplot2
2020-12-02,43530,30183551,ggplot2
2020-12-03,35842,30219393,ggplot2
2020-12-04,32038,30251431,ggplot2
2020-12-05,20713,30272144,ggplot2
2020-12-06,21105,30293249,ggplot2
2020-12-07,34842,30328091,ggplot2
2020-12-08,33687,30361778,ggplot2
2020-12-09,35116,30396894,ggplot2
2020-12-10,33535,30430429,ggplot2
2020-12-11,30070,30460499,ggplot2
2020-12-12,17907,30478406,ggplot2
2020-12-13,19076,30497482,ggplot2
2020-12-14,31005,30528487,ggplot2
2020-12-15,32706,30561193,ggplot2
2020-12-16,36270,30597463,ggplot2
2020-12-17,31114,30628577,ggplot2
2020-12-18,25871,30654448,ggplot2
2020-12-19,15473,30669921,ggplot2
2020-12-20,15716,30685637,ggplot2
2020-12-21,25088,30710725,ggplot2
2020-12-22,65557,30776282,ggplot2
2020-12-23,23347,30799629,ggplot2
2020-12-24,15373,30815002,ggplot2
2020-12-25,11328,30826330,ggplot2
2020-12-26,12529,30838859,ggplot2
2020-12-27,13121,30851980,ggplot2
2020-12-28,21091,30873071,ggplot2
2020-12-29,49517,30922588,ggplot2
2020-12-30,31306,30953894,ggplot2
2020-12-31,27769,30981663,ggplot2
2021-01-01,13981,30995644,ggplot2
2021-01-02,25382,31021026,ggplot2
2021-01-03,18964,31039990,ggplot2
2021-01-04,34673,31074663,ggplot2
2021-01-05,35438,31110101,ggplot2
2021-01-06,32634,31142735,ggplot2
2021-01-07,38040,31180775,ggplot2
2021-01-08,30798,31211573,ggplot2
2021-01-09,18929,31230502,ggplot2
2021-01-10,19562,31250064,ggplot2
2021-01-11,36066,31286130,ggplot2
2021-01-12,37119,31323249,ggplot2
2021-01-13,45102,31368351,ggplot2
2021-01-14,63025,31431376,ggplot2
2021-01-15,44640,31476016,ggplot2
2021-01-16,56211,31532227,ggplot2
2021-01-17,55811,31588038,ggplot2
2021-01-18,71079,31659117,ggplot2
2021-01-19,59393,31718510,ggplot2
2021-01-20,40213,31758723,ggplot2
2021-01-21,40012,31798735,ggplot2
2021-01-22,35507,31834242,ggplot2
2021-01-23,20458,31854700,ggplot2
2021-01-24,20896,31875596,ggplot2
2021-01-25,38929,31914525,ggplot2
2021-01-26,40728,31955253,ggplot2
2021-01-27,40419,31995672,ggplot2
2021-01-28,38984,32034656,ggplot2
2021-01-29,33934,32068590,ggplot2
2021-01-30,20647,32089237,ggplot2
2021-01-31,20581,32109818,ggplot2
2021-02-01,40337,32150155,ggplot2
2021-02-02,41736,32191891,ggplot2
2021-02-03,40497,32232388,ggplot2
2021-02-04,40779,32273167,ggplot2
2021-02-05,35407,32308574,ggplot2
2021-02-06,20557,32329131,ggplot2
2021-02-07,20808,32349939,ggplot2
2021-02-08,37624,32387563,ggplot2
2021-02-09,39552,32427115,ggplot2
2021-02-10,39354,32466469,ggplot2
2021-02-11,37075,32503544,ggplot2
2021-02-12,31564,32535108,ggplot2
2021-02-13,19820,32554928,ggplot2
2021-02-14,18340,32573268,ggplot2
2021-02-15,34561,32607829,ggplot2
2021-02-16,37124,32644953,ggplot2
2021-02-17,38785,32683738,ggplot2
2021-02-18,38857,32722595,ggplot2
2021-02-19,34408,32757003,ggplot2
2021-02-20,19840,32776843,ggplot2
2021-02-21,19918,32796761,ggplot2
2021-02-22,38234,32834995,ggplot2
2021-02-23,41366,32876361,ggplot2
2021-02-24,44647,32921008,ggplot2
2021-02-25,44638,32965646,ggplot2
2021-02-26,41246,33006892,ggplot2
2021-02-27,24942,33031834,ggplot2
2021-02-28,24035,33055869,ggplot2
2021-03-01,47336,33103205,ggplot2
2021-03-02,49720,33152925,ggplot2
2021-03-03,57800,33210725,ggplot2
2021-03-04,61880,33272605,ggplot2
2021-03-05,55367,33327972,ggplot2
2021-03-06,39381,33367353,ggplot2
2021-03-07,41340,33408693,ggplot2
2021-03-08,61113,33469806,ggplot2
2021-03-09,62898,33532704,ggplot2
2021-03-10,64663,33597367,ggplot2
2021-03-11,63220,33660587,ggplot2
2021-03-12,58138,33718725,ggplot2
2021-03-13,41009,33759734,ggplot2
2021-03-14,43345,33803079,ggplot2
2021-03-15,61777,33864856,ggplot2
2021-03-16,74519,33939375,ggplot2
2021-03-17,80199,34019574,ggplot2
2021-03-18,79439,34099013,ggplot2
2021-03-19,79788,34178801,ggplot2
2021-03-20,68421,34247222,ggplot2
2021-03-21,61782,34309004,ggplot2
2021-03-22,77263,34386267,ggplot2
2021-03-23,80708,34466975,ggplot2
2021-03-24,69513,34536488,ggplot2
2021-03-25,59073,34595561,ggplot2
2021-03-26,50580,34646141,ggplot2
2021-03-27,40163,34686304,ggplot2
2021-03-28,41237,34727541,ggplot2
2021-03-29,59308,34786849,ggplot2
2021-03-30,60275,34847124,ggplot2
2021-03-31,59986,34907110,ggplot2
2021-04-01,57685,34964795,ggplot2
2021-04-02,49171,35013966,ggplot2
2021-04-03,41498,35055464,ggplot2
2021-04-04,39586,35095050,ggplot2
2021-04-05,53413,35148463,ggplot2
2021-04-06,59763,35208226,ggplot2
2021-04-07,61627,35269853,ggplot2
2021-04-08,59851,35329704,ggplot2
2021-04-09,56846,35386550,ggplot2
2021-04-10,42609,35429159,ggplot2
2021-04-11,48506,35477665,ggplot2
2021-04-12,64255,35541920,ggplot2
2021-04-13,65269,35607189,ggplot2
2021-04-14,67681,35674870,ggplot2
2021-04-15,69934,35744804,ggplot2
2021-04-16,67963,35812767,ggplot2
2021-04-17,48666,35861433,ggplot2
2021-04-18,50447,35911880,ggplot2
2021-04-19,72953,35984833,ggplot2
2021-04-20,79692,36064525,ggplot2
2021-04-21,80789,36145314,ggplot2
2021-04-22,80500,36225814,ggplot2
2021-04-23,72764,36298578,ggplot2
2021-04-24,57981,36356559,ggplot2
2021-04-25,58067,36414626,ggplot2
2021-04-26,79214,36493840,ggplot2
2021-04-27,77604,36571444,ggplot2
2021-04-28,80996,36652440,ggplot2
2021-04-29,81032,36733472,ggplot2
2021-04-30,74627,36808099,ggplot2
2021-05-01,56214,36864313,ggplot2
2021-05-02,48004,36912317,ggplot2
2021-05-03,67567,36979884,ggplot2
2021-05-04,68745,37048629,ggplot2
2021-05-05,68890,37117519,ggplot2
2021-05-06,70153,37187672,ggplot2
2021-05-07,66718,37254390,ggplot2
2021-05-08,49175,37303565,ggplot2
2021-05-09,48398,37351963,ggplot2
2021-05-10,72692,37424655,ggplot2
2021-05-11,70002,37494657,ggplot2
2021-05-12,72667,37567324,ggplot2
2021-05-13,66591,37633915,ggplot2
2021-05-14,61553,37695468,ggplot2
2021-05-15,47143,37742611,ggplot2
2021-05-16,48036,37790647,ggplot2
2021-05-17,74818,37865465,ggplot2
2021-05-18,75015,37940480,ggplot2
2021-05-19,74958,38015438,ggplot2
2021-05-20,72692,38088130,ggplot2
2021-05-21,68154,38156284,ggplot2
2021-05-22,50607,38206891,ggplot2
2021-05-23,51620,38258511,ggplot2
2021-05-24,69974,38328485,ggplot2
2021-05-25,75244,38403729,ggplot2
2021-05-26,75775,38479504,ggplot2
2021-05-27,74180,38553684,ggplot2
2021-05-28,69902,38623586,ggplot2
2021-05-29,50170,38673756,ggplot2
2021-05-30,49791,38723547,ggplot2
2021-05-31,68481,38792028,ggplot2
2021-06-01,75177,38867205,ggplot2
2021-06-02,77863,38945068,ggplot2
2021-06-03,70317,39015385,ggplot2
2021-06-04,64655,39080040,ggplot2
2021-06-05,46878,39126918,ggplot2
2021-06-06,49880,39176798,ggplot2
2021-06-07,72394,39249192,ggplot2
2021-06-08,72755,39321947,ggplot2
2021-06-09,70900,39392847,ggplot2
2021-06-10,68309,39461156,ggplot2
2021-06-11,63426,39524582,ggplot2
2021-06-12,46372,39570954,ggplot2
2021-06-13,46455,39617409,ggplot2
2021-06-14,69746,39687155,ggplot2
2021-06-15,70147,39757302,ggplot2
2021-06-16,79491,39836793,ggplot2
2021-06-17,77839,39914632,ggplot2
2021-06-18,66163,39980795,ggplot2
2021-06-19,47760,40028555,ggplot2
2021-06-20,46969,40075524,ggplot2
2021-06-21,70564,40146088,ggplot2
2021-06-22,73334,40219422,ggplot2
2021-06-23,70130,40289552,ggplot2
2021-06-24,72910,40362462,ggplot2
2021-06-25,68986,40431448,ggplot2
2021-06-26,49983,40481431,ggplot2
2021-06-27,55685,40537116,ggplot2
2021-06-28,74534,40611650,ggplot2
2021-06-29,70857,40682507,ggplot2
2021-06-30,67473,40749980,ggplot2
2021-07-01,67094,40817074,ggplot2
2021-07-02,62381,40879455,ggplot2
2021-07-03,43937,40923392,ggplot2
2021-07-04,43532,40966924,ggplot2
2021-07-05,60171,41027095,ggplot2
2021-07-06,67344,41094439,ggplot2
2021-07-07,68922,41163361,ggplot2
2021-07-08,67294,41230655,ggplot2
2021-07-09,60836,41291491,ggplot2
2021-07-10,44582,41336073,ggplot2
2021-07-11,44626,41380699,ggplot2
2021-07-12,64543,41445242,ggplot2
2021-07-13,66122,41511364,ggplot2
2021-07-14,64636,41576000,ggplot2
2021-07-15,63277,41639277,ggplot2
2021-07-16,58542,41697819,ggplot2
2021-07-17,42228,41740047,ggplot2
2021-07-18,42058,41782105,ggplot2
2021-07-19,63525,41845630,ggplot2
2021-07-20,64838,41910468,ggplot2
2021-07-21,62564,41973032,ggplot2
2021-07-22,73794,42046826,ggplot2
2021-07-23,74217,42121043,ggplot2
2021-07-24,58715,42179758,ggplot2
2021-07-25,59426,42239184,ggplot2
2021-07-26,82140,42321324,ggplot2
2021-07-27,80955,42402279,ggplot2
2021-07-28,83864,42486143,ggplot2
2021-07-29,78572,42564715,ggplot2
2021-07-30,74403,42639118,ggplot2
2021-07-31,59427,42698545,ggplot2
2021-08-01,50567,42749112,ggplot2
2021-08-02,65934,42815046,ggplot2
2021-08-03,66787,42881833,ggplot2
2021-08-04,68048,42949881,ggplot2
2021-08-05,67245,43017126,ggplot2
2021-08-06,65029,43082155,ggplot2
2021-08-07,50700,43132855,ggplot2
2021-08-08,49778,43182633,ggplot2
2021-08-09,68305,43250938,ggplot2
2021-08-10,69119,43320057,ggplot2
2021-08-11,69910,43389967,ggplot2
2021-08-12,69639,43459606,ggplot2
2021-08-13,64429,43524035,ggplot2
2021-08-14,49535,43573570,ggplot2
2021-08-15,49006,43622576,ggplot2
2021-08-16,68920,43691496,ggplot2
2021-08-17,70903,43762399,ggplot2
2021-08-18,69956,43832355,ggplot2
2021-08-19,69430,43901785,ggplot2
2021-08-20,64460,43966245,ggplot2
2021-08-21,49465,44015710,ggplot2
2021-08-22,48846,44064556,ggplot2
2021-08-23,71668,44136224,ggplot2
2021-08-24,72576,44208800,ggplot2
2021-08-25,74588,44283388,ggplot2
2021-08-26,74682,44358070,ggplot2
2021-08-27,77613,44435683,ggplot2
2021-08-28,60899,44496582,ggplot2
2021-08-29,73451,44570033,ggplot2
2021-08-30,99439,44669472,ggplot2
2021-08-31,101579,44771051,ggplot2
2021-09-01,92813,44863864,ggplot2
2021-09-02,99193,44963057,ggplot2
2021-09-03,92313,45055370,ggplot2
2021-09-04,73019,45128389,ggplot2
2021-09-05,72881,45201270,ggplot2
2021-09-06,91658,45292928,ggplot2
2021-09-07,101230,45394158,ggplot2
2021-09-08,104486,45498644,ggplot2
2021-09-09,105247,45603891,ggplot2
2021-09-10,97252,45701143,ggplot2
2021-09-11,77985,45779128,ggplot2
2021-09-12,76022,45855150,ggplot2
2021-09-13,105554,45960704,ggplot2
2021-09-14,107641,46068345,ggplot2
2021-09-15,113842,46182187,ggplot2
2021-09-16,106685,46288872,ggplot2
2021-09-17,98731,46387603,ggplot2
2021-09-18,78117,46465720,ggplot2
2021-09-19,78510,46544230,ggplot2
2021-09-20,108471,46652701,ggplot2
2021-09-21,112828,46765529,ggplot2
2021-09-22,111317,46876846,ggplot2
2021-09-23,112237,46989083,ggplot2
2021-09-24,105263,47094346,ggplot2
2021-09-25,86808,47181154,ggplot2
2021-09-26,88926,47270080,ggplot2
2021-09-27,118610,47388690,ggplot2
2021-09-28,117547,47506237,ggplot2
2021-09-29,117782,47624019,ggplot2
2021-09-30,118096,47742115,ggplot2
2021-10-01,109595,47851710,ggplot2
2021-10-02,88546,47940256,ggplot2
2021-10-03,88752,48029008,ggplot2
2021-10-04,114797,48143805,ggplot2
2021-10-05,118539,48262344,ggplot2
2021-10-06,116775,48379119,ggplot2
2021-10-07,117995,48497114,ggplot2
2021-10-08,110601,48607715,ggplot2
2021-10-09,88712,48696427,ggplot2
2021-10-10,89136,48785563,ggplot2
2021-10-11,113008,48898571,ggplot2
2021-10-12,117085,49015656,ggplot2
2021-10-13,116897,49132553,ggplot2
2021-10-14,115332,49247885,ggplot2
2021-10-15,108088,49355973,ggplot2
2021-10-16,88311,49444284,ggplot2
2021-10-17,89019,49533303,ggplot2
2021-10-18,113813,49647116,ggplot2
2021-10-19,116270,49763386,ggplot2
2021-10-20,116515,49879901,ggplot2
2021-10-21,115367,49995268,ggplot2
2021-10-22,109632,50104900,ggplot2
2021-10-23,89478,50194378,ggplot2
2021-10-24,89131,50283509,ggplot2
2021-10-25,116443,50399952,ggplot2
2021-10-26,117039,50516991,ggplot2
2021-10-27,116773,50633764,ggplot2
2021-10-28,117147,50750911,ggplot2
2021-10-29,107476,50858387,ggplot2
2021-10-30,89981,50948368,ggplot2
2021-10-31,91807,51040175,ggplot2
2021-11-01,113745,51153920,ggplot2
2021-11-02,114964,51268884,ggplot2
2021-11-03,121112,51389996,ggplot2
2021-11-04,114813,51504809,ggplot2
2021-11-05,108203,51613012,ggplot2
2021-11-06,87971,51700983,ggplot2
2021-11-07,90762,51791745,ggplot2
2021-11-08,105400,51897145,ggplot2
2021-11-09,117824,52014969,ggplot2
2021-11-10,113932,52128901,ggplot2
2021-11-11,117266,52246167,ggplot2
2021-11-12,111153,52357320,ggplot2
2021-11-13,88764,52446084,ggplot2
2021-11-14,88973,52535057,ggplot2
2021-11-15,112634,52647691,ggplot2
2021-11-16,116941,52764632,ggplot2
2021-11-17,113628,52878260,ggplot2
2021-11-18,115004,52993264,ggplot2
2021-11-19,106105,53099369,ggplot2
2021-11-20,86771,53186140,ggplot2
2021-11-21,86233,53272373,ggplot2
2021-11-22,110980,53383353,ggplot2
2021-11-23,112605,53495958,ggplot2
2021-11-24,113054,53609012,ggplot2
2021-11-25,112421,53721433,ggplot2
2021-11-26,101034,53822467,ggplot2
2021-11-27,87274,53909741,ggplot2
2021-11-28,88733,53998474,ggplot2
2021-11-29,101593,54100067,ggplot2
2021-11-30,102480,54202547,ggplot2
2021-12-01,100971,54303518,ggplot2
2021-12-02,97672,54401190,ggplot2
2021-12-03,95914,54497104,ggplot2
2021-12-04,73927,54571031,ggplot2
2021-12-05,72080,54643111,ggplot2
2021-12-06,96047,54739158,ggplot2
2021-12-07,94810,54833968,ggplot2
2021-12-08,96188,54930156,ggplot2
2021-12-09,101843,55031999,ggplot2
2021-12-10,95335,55127334,ggplot2
2021-12-11,75320,55202654,ggplot2
2021-12-12,81252,55283906,ggplot2
2021-12-13,89591,55373497,ggplot2
2021-12-14,92472,55465969,ggplot2
2021-12-15,89171,55555140,ggplot2
2021-12-16,87277,55642417,ggplot2
2021-12-17,85630,55728047,ggplot2
2021-12-18,72429,55800476,ggplot2
2021-12-19,70388,55870864,ggplot2
2021-12-20,84114,55954978,ggplot2
2021-12-21,81299,56036277,ggplot2
2021-12-22,77741,56114018,ggplot2
2021-12-23,62418,56176436,ggplot2
2021-12-24,51672,56228108,ggplot2
2021-12-25,44006,56272114,ggplot2
2021-12-26,45217,56317331,ggplot2
2021-12-27,54420,56371751,ggplot2
2021-12-28,55036,56426787,ggplot2
2021-12-29,55428,56482215,ggplot2
2021-12-30,51357,56533572,ggplot2
2021-12-31,45149,56578721,ggplot2
2022-01-01,46948,56625669,ggplot2
2022-01-02,50953,56676622,ggplot2
2022-01-03,63536,56740158,ggplot2
2022-01-04,66352,56806510,ggplot2
2022-01-05,67659,56874169,ggplot2
2022-01-06,68843,56943012,ggplot2
2022-01-07,65280,57008292,ggplot2
2022-01-08,46540,57054832,ggplot2
2022-01-09,47134,57101966,ggplot2
2022-01-10,71589,57173555,ggplot2
2022-01-11,77101,57250656,ggplot2
2022-01-12,76011,57326667,ggplot2
2022-01-13,73446,57400113,ggplot2
2022-01-14,70471,57470584,ggplot2
2022-01-15,50345,57520929,ggplot2
2022-01-16,50184,57571113,ggplot2
2022-01-17,67054,57638167,ggplot2
2022-01-18,74793,57712960,ggplot2
2022-01-19,81060,57794020,ggplot2
2022-01-20,83965,57877985,ggplot2
2022-01-21,74454,57952439,ggplot2
2022-01-22,57754,58010193,ggplot2
2022-01-23,57490,58067683,ggplot2
2022-01-24,80413,58148096,ggplot2
2022-01-25,84131,58232227,ggplot2
2022-01-26,81048,58313275,ggplot2
2022-01-27,82145,58395420,ggplot2
2022-01-28,77117,58472537,ggplot2
2022-01-29,62049,58534586,ggplot2
2022-01-30,57652,58592238,ggplot2
2022-01-31,78363,58670601,ggplot2
2022-02-01,81874,58752475,ggplot2
2022-02-02,81663,58834138,ggplot2
2022-02-03,81320,58915458,ggplot2
2022-02-04,75018,58990476,ggplot2
2022-02-05,56053,59046529,ggplot2
2022-02-06,55763,59102292,ggplot2
2022-02-07,83524,59185816,ggplot2
2022-02-08,85247,59271063,ggplot2
2022-02-09,83439,59354502,ggplot2
2022-02-10,83956,59438458,ggplot2
2022-02-11,89962,59528420,ggplot2
2022-02-12,76986,59605406,ggplot2
2022-02-13,69899,59675305,ggplot2
2022-02-14,78271,59753576,ggplot2
2022-02-15,79717,59833293,ggplot2
2022-02-16,81052,59914345,ggplot2
2022-02-17,84003,59998348,ggplot2
2022-02-18,73045,60071393,ggplot2
2022-02-19,55634,60127027,ggplot2
2022-02-20,58080,60185107,ggplot2
2022-02-21,83891,60268998,ggplot2
2022-02-22,79816,60348814,ggplot2
2022-02-23,76003,60424817,ggplot2
2022-02-24,68428,60493245,ggplot2
2022-02-25,64602,60557847,ggplot2
2022-02-26,53135,60610982,ggplot2
2022-02-27,56469,60667451,ggplot2
2022-02-28,80366,60747817,ggplot2
2022-03-01,82151,60829968,ggplot2
2022-03-02,74151,60904119,ggplot2
2022-03-03,72292,60976411,ggplot2
2022-03-04,69521,61045932,ggplot2
2022-03-05,54890,61100822,ggplot2
2022-03-06,60670,61161492,ggplot2
2022-03-07,83622,61245114,ggplot2
2022-03-08,85794,61330908,ggplot2
2022-03-09,86447,61417355,ggplot2
2022-03-10,86546,61503901,ggplot2
2022-03-11,77154,61581055,ggplot2
2022-03-12,56478,61637533,ggplot2
2022-03-13,57012,61694545,ggplot2
2022-03-14,82742,61777287,ggplot2
2022-03-15,80851,61858138,ggplot2
2022-03-16,82627,61940765,ggplot2
2022-03-17,90914,62031679,ggplot2
2022-03-18,79349,62111028,ggplot2
2022-03-19,60017,62171045,ggplot2
2022-03-20,62977,62234022,ggplot2
2022-03-21,86097,62320119,ggplot2
2022-03-22,85679,62405798,ggplot2
2022-03-23,86185,62491983,ggplot2
2022-03-24,86370,62578353,ggplot2
2022-03-25,81173,62659526,ggplot2
2022-03-26,66167,62725693,ggplot2
2022-03-27,72428,62798121,ggplot2
2022-03-28,90185,62888306,ggplot2
2022-03-29,96996,62985302,ggplot2
2022-03-30,93509,63078811,ggplot2
2022-03-31,91709,63170520,ggplot2
2022-04-01,83138,63253658,ggplot2
2022-04-02,66810,63320468,ggplot2
2022-04-03,68724,63389192,ggplot2
2022-04-04,93316,63482508,ggplot2
2022-04-05,98214,63580722,ggplot2
2022-04-06,102656,63683378,ggplot2
2022-04-07,97482,63780860,ggplot2
2022-04-08,95232,63876092,ggplot2
2022-04-09,76399,63952491,ggplot2
2022-04-10,74462,64026953,ggplot2
2022-04-11,95843,64122796,ggplot2
2022-04-12,91777,64214573,ggplot2
2022-04-13,91045,64305618,ggplot2
2022-04-14,92503,64398121,ggplot2
2022-04-15,81717,64479838,ggplot2
2022-04-16,74330,64554168,ggplot2
2022-04-17,75838,64630006,ggplot2
2022-04-18,92689,64722695,ggplot2
2022-04-19,97658,64820353,ggplot2
2022-04-20,99157,64919510,ggplot2
2022-04-21,99526,65019036,ggplot2
2022-04-22,96374,65115410,ggplot2
2022-04-23,78490,65193900,ggplot2
2022-04-24,80157,65274057,ggplot2
2022-04-25,97714,65371771,ggplot2
2022-04-26,105186,65476957,ggplot2
2022-04-27,99073,65576030,ggplot2
2022-04-28,100284,65676314,ggplot2
2022-04-29,100866,65777180,ggplot2
2022-04-30,82523,65859703,ggplot2
2022-05-01,82983,65942686,ggplot2
2022-05-02,101351,66044037,ggplot2
2022-05-03,119465,66163502,ggplot2
2022-05-04,122608,66286110,ggplot2
2022-05-05,117010,66403120,ggplot2
2022-05-06,111232,66514352,ggplot2
2022-05-07,90821,66605173,ggplot2
2022-05-08,88578,66693751,ggplot2
2022-05-09,114296,66808047,ggplot2
2022-05-10,119283,66927330,ggplot2
2022-05-11,116869,67044199,ggplot2
2022-05-12,115453,67159652,ggplot2
2022-05-13,108743,67268395,ggplot2
2022-05-14,87649,67356044,ggplot2
2022-05-15,63853,67419897,ggplot2
2022-05-16,76151,67496048,ggplot2
2022-05-17,105036,67601084,ggplot2
2022-05-18,104427,67705511,ggplot2
2022-05-19,103341,67808852,ggplot2
2022-05-20,95521,67904373,ggplot2
2022-05-21,78604,67982977,ggplot2
2022-05-22,82854,68065831,ggplot2
2022-05-23,112494,68178325,ggplot2
2022-05-24,116752,68295077,ggplot2
2022-05-25,112993,68408070,ggplot2
2022-05-26,107273,68515343,ggplot2
2022-05-27,91392,68606735,ggplot2
2022-05-28,80984,68687719,ggplot2
2022-05-29,81283,68769002,ggplot2
2022-05-30,100521,68869523,ggplot2
2022-05-31,103716,68973239,ggplot2
2022-06-01,102959,69076198,ggplot2
2022-06-02,103689,69179887,ggplot2
2022-06-03,99204,69279091,ggplot2
2022-06-04,85595,69364686,ggplot2
2022-06-05,81043,69445729,ggplot2
2022-06-06,97671,69543400,ggplot2
2022-06-07,108233,69651633,ggplot2
2022-06-08,107669,69759302,ggplot2
2022-06-09,105003,69864305,ggplot2
2022-06-10,96128,69960433,ggplot2
2022-06-11,79344,70039777,ggplot2
2022-06-12,78531,70118308,ggplot2
2022-06-13,100230,70218538,ggplot2
2022-06-14,102050,70320588,ggplot2
2022-06-15,100383,70420971,ggplot2
2022-06-16,102008,70522979,ggplot2
2022-06-17,98110,70621089,ggplot2
2022-06-18,79515,70700604,ggplot2
2022-06-19,79111,70779715,ggplot2
2022-06-20,101983,70881698,ggplot2
2022-06-21,105104,70986802,ggplot2
2022-06-22,100237,71087039,ggplot2
2022-06-23,97114,71184153,ggplot2
2022-06-24,93181,71277334,ggplot2
2022-06-25,79007,71356341,ggplot2
2022-06-26,77509,71433850,ggplot2
2022-06-27,97836,71531686,ggplot2
2022-06-28,99862,71631548,ggplot2
2022-06-29,97713,71729261,ggplot2
2022-06-30,93324,71822585,ggplot2
2022-07-01,87471,71910056,ggplot2
2022-07-02,72779,71982835,ggplot2
2022-07-03,72557,72055392,ggplot2
2022-07-04,87460,72142852,ggplot2
2022-07-05,91513,72234365,ggplot2
2022-07-06,93204,72327569,ggplot2
2022-07-07,88011,72415580,ggplot2
2022-07-08,83023,72498603,ggplot2
2022-07-09,70944,72569547,ggplot2
2022-07-10,73746,72643293,ggplot2
2022-07-11,94053,72737346,ggplot2
2022-07-12,97285,72834631,ggplot2
2022-07-13,97303,72931934,ggplot2
2022-07-14,94498,73026432,ggplot2
2022-07-15,90162,73116594,ggplot2
2022-07-16,78421,73195015,ggplot2
2022-07-17,74854,73269869,ggplot2
2022-07-18,95718,73365587,ggplot2
2022-07-19,97595,73463182,ggplot2
2022-07-20,89789,73552971,ggplot2
2022-07-21,85984,73638955,ggplot2
2022-07-22,82342,73721297,ggplot2
2022-07-23,72054,73793351,ggplot2
2022-07-24,81765,73875116,ggplot2
2022-07-25,102571,73977687,ggplot2
2022-07-26,98511,74076198,ggplot2
2022-07-27,97153,74173351,ggplot2
2022-07-28,93782,74267133,ggplot2
2022-07-29,92110,74359243,ggplot2
2022-07-30,69905,74429148,ggplot2
2022-07-31,70348,74499496,ggplot2
2022-08-01,91272,74590768,ggplot2
2022-08-02,94186,74684954,ggplot2
2022-08-03,92058,74777012,ggplot2
2022-08-04,90248,74867260,ggplot2
2022-08-05,88015,74955275,ggplot2
2022-08-06,72284,75027559,ggplot2
2022-08-07,71127,75098686,ggplot2
2022-08-08,90904,75189590,ggplot2
2022-08-09,85861,75275451,ggplot2
2022-08-10,87368,75362819,ggplot2
2022-08-11,85571,75448390,ggplot2
2022-08-12,84385,75532775,ggplot2
2022-08-13,74060,75606835,ggplot2
2022-08-14,75189,75682024,ggplot2
2022-08-15,86991,75769015,ggplot2
2022-08-16,93066,75862081,ggplot2
2022-08-17,90619,75952700,ggplot2
2022-08-18,90182,76042882,ggplot2
2022-08-19,86195,76129077,ggplot2
2022-08-20,73481,76202558,ggplot2
2022-08-21,73761,76276319,ggplot2
2022-08-22,86913,76363232,ggplot2
2022-08-23,93341,76456573,ggplot2
2022-08-24,83091,76539664,ggplot2
2022-08-25,89088,76628752,ggplot2
2022-08-26,76246,76704998,ggplot2
2022-08-27,61867,76766865,ggplot2
2022-08-28,62350,76829215,ggplot2
2022-08-29,85517,76914732,ggplot2
2022-08-30,89563,77004295,ggplot2
2022-08-31,89551,77093846,ggplot2
2022-09-01,87241,77181087,ggplot2
2022-09-02,80732,77261819,ggplot2
2022-09-03,60677,77322496,ggplot2
2022-09-04,60555,77383051,ggplot2
2022-09-05,82040,77465091,ggplot2
2022-09-06,99320,77564411,ggplot2
2022-09-07,97307,77661718,ggplot2
2022-09-08,98157,77759875,ggplot2
2022-09-09,87693,77847568,ggplot2
2022-09-10,68161,77915729,ggplot2
2022-09-11,67854,77983583,ggplot2
2022-09-12,102453,78086036,ggplot2
2022-09-13,111200,78197236,ggplot2
2022-09-14,105203,78302439,ggplot2
2022-09-15,101545,78403984,ggplot2
2022-09-16,91146,78495130,ggplot2
2022-09-17,70497,78565627,ggplot2
2022-09-18,72164,78637791,ggplot2
2022-09-19,103320,78741111,ggplot2
2022-09-20,107545,78848656,ggplot2
2022-09-21,109390,78958046,ggplot2
2022-09-22,109070,79067116,ggplot2
2022-09-23,98511,79165627,ggplot2
2022-09-24,74601,79240228,ggplot2
2022-09-25,76670,79316898,ggplot2
2022-09-26,106791,79423689,ggplot2
2022-09-27,112607,79536296,ggplot2
2022-09-28,107884,79644180,ggplot2
2022-09-29,107122,79751302,ggplot2
2022-09-30,97428,79848730,ggplot2
2022-10-01,73344,79922074,ggplot2
2022-10-02,73483,79995557,ggplot2
2022-10-03,104208,80099765,ggplot2
2022-10-04,107484,80207249,ggplot2
2022-10-05,109480,80316729,ggplot2
2022-10-06,107124,80423853,ggplot2
2022-10-07,98837,80522690,ggplot2
2022-10-08,76671,80599361,ggplot2
2022-10-09,77159,80676520,ggplot2
2022-10-10,103694,80780214,ggplot2
2022-10-11,109358,80889572,ggplot2
2022-10-12,105299,80994871,ggplot2
2022-10-13,103095,81097966,ggplot2
2022-10-14,94470,81192436,ggplot2
2022-10-15,74162,81266598,ggplot2
2022-10-16,73918,81340516,ggplot2
2022-10-17,104970,81445486,ggplot2
2022-10-18,107622,81553108,ggplot2
2022-10-19,103478,81656586,ggplot2
2022-10-20,105827,81762413,ggplot2
2022-10-21,94072,81856485,ggplot2
2022-10-22,74661,81931146,ggplot2
2022-10-23,77681,82008827,ggplot2
2022-10-24,101695,82110522,ggplot2
2022-10-25,105339,82215861,ggplot2
2022-10-26,102089,82317950,ggplot2
2022-10-27,100275,82418225,ggplot2
2022-10-28,96155,82514380,ggplot2
2022-10-29,70721,82585101,ggplot2
2022-10-30,72019,82657120,ggplot2
2022-10-31,97326,82754446,ggplot2
2022-11-01,97404,82851850,ggplot2
2022-11-02,103437,82955287,ggplot2
2022-11-03,103377,83058664,ggplot2
2022-11-04,99270,83157934,ggplot2
2022-11-05,78326,83236260,ggplot2
2022-11-06,80808,83317068,ggplot2
2022-11-07,115593,83432661,ggplot2
2022-11-08,114576,83547237,ggplot2
2022-11-09,114388,83661625,ggplot2
2022-11-10,113350,83774975,ggplot2
2022-11-11,96543,83871518,ggplot2
2022-11-12,75149,83946667,ggplot2
2022-11-13,75452,84022119,ggplot2
2022-11-14,106020,84128139,ggplot2
2022-11-15,112153,84240292,ggplot2
2022-11-16,108771,84349063,ggplot2
2022-11-17,105836,84454899,ggplot2
2022-11-18,93407,84548306,ggplot2
2022-11-19,69424,84617730,ggplot2
2022-11-20,145276,84763006,ggplot2
2022-11-21,101777,84864783,ggplot2
2022-11-22,101189,84965972,ggplot2
2022-11-23,101362,85067334,ggplot2
2022-11-24,95855,85163189,ggplot2
2022-11-25,84290,85247479,ggplot2
2022-11-26,67376,85314855,ggplot2
2022-11-27,69909,85384764,ggplot2
2022-11-28,98629,85483393,ggplot2
2022-11-29,101520,85584913,ggplot2
2022-11-30,100334,85685247,ggplot2
2022-12-01,100178,85785425,ggplot2
2022-12-02,90741,85876166,ggplot2
2022-12-03,70010,85946176,ggplot2
2022-12-04,70913,86017089,ggplot2
2022-12-05,96225,86113314,ggplot2
2022-12-06,98700,86212014,ggplot2
2022-12-07,99528,86311542,ggplot2
2022-12-08,95763,86407305,ggplot2
2022-12-09,86281,86493586,ggplot2
2022-12-10,66878,86560464,ggplot2
2022-12-11,70330,86630794,ggplot2
2022-12-12,91643,86722437,ggplot2
2022-12-13,95034,86817471,ggplot2
2022-12-14,89914,86907385,ggplot2
2022-12-15,82746,86990131,ggplot2
2022-12-16,77070,87067201,ggplot2
2022-12-17,61875,87129076,ggplot2
2022-12-18,61663,87190739,ggplot2
2022-12-19,80503,87271242,ggplot2
2022-12-20,78878,87350120,ggplot2
2022-12-21,75102,87425222,ggplot2
2022-12-22,71654,87496876,ggplot2
2022-12-23,63723,87560599,ggplot2
2022-12-24,53783,87614382,ggplot2
2022-12-25,52873,87667255,ggplot2
2022-12-26,59129,87726384,ggplot2
2022-12-27,64315,87790699,ggplot2
2022-12-28,63993,87854692,ggplot2
2022-12-29,64561,87919253,ggplot2
2022-12-30,62637,87981890,ggplot2
2022-12-31,54703,88036593,ggplot2
2023-01-01,54713,88091306,ggplot2
2023-01-02,66025,88157331,ggplot2
2023-01-03,74891,88232222,ggplot2
2023-01-04,75480,88307702,ggplot2
2023-01-05,76122,88383824,ggplot2
2023-01-06,72440,88456264,ggplot2
2023-01-07,64208,88520472,ggplot2
2023-01-08,61271,88581743,ggplot2
2023-01-09,82280,88664023,ggplot2
2023-01-10,85014,88749037,ggplot2
2023-01-11,85487,88834524,ggplot2
2023-01-12,88342,88922866,ggplot2
2023-01-13,79713,89002579,ggplot2
2023-01-14,63232,89065811,ggplot2
2023-01-15,62102,89127913,ggplot2
2023-01-16,79704,89207617,ggplot2
2023-01-17,89122,89296739,ggplot2
2023-01-18,96544,89393283,ggplot2
2023-01-19,86626,89479909,ggplot2
2023-01-20,74481,89554390,ggplot2
2023-01-21,59251,89613641,ggplot2
2023-01-22,59412,89673053,ggplot2
2023-01-23,78835,89751888,ggplot2
2023-01-24,82883,89834771,ggplot2
2023-01-25,82661,89917432,ggplot2
2023-01-26,85502,90002934,ggplot2
2023-01-27,82441,90085375,ggplot2
2023-01-28,63311,90148686,ggplot2
2023-01-29,62659,90211345,ggplot2
2023-01-30,88260,90299605,ggplot2
2023-01-31,93835,90393440,ggplot2
2023-02-01,90159,90483599,ggplot2
2023-02-02,91322,90574921,ggplot2
2023-02-03,85157,90660078,ggplot2
2023-02-04,65093,90725171,ggplot2
2023-02-05,62946,90788117,ggplot2
2023-02-06,87796,90875913,ggplot2
2023-02-07,91741,90967654,ggplot2
2023-02-08,94892,91062546,ggplot2
2023-02-09,93099,91155645,ggplot2
2023-02-10,89189,91244834,ggplot2
2023-02-11,68050,91312884,ggplot2
2023-02-12,69130,91382014,ggplot2
2023-02-13,97459,91479473,ggplot2
2023-02-14,95358,91574831,ggplot2
2023-02-15,92138,91666969,ggplot2
2023-02-16,91132,91758101,ggplot2
2023-02-17,84009,91842110,ggplot2
2023-02-18,58986,91901096,ggplot2
2023-02-19,58761,91959857,ggplot2
2023-02-20,82477,92042334,ggplot2
2023-02-21,86186,92128520,ggplot2
2023-02-22,92398,92220918,ggplot2
2023-02-23,91929,92312847,ggplot2
2023-02-24,81837,92394684,ggplot2
2023-02-25,61144,92455828,ggplot2
2023-02-26,60773,92516601,ggplot2
2023-02-27,90220,92606821,ggplot2
2023-02-28,93657,92700478,ggplot2
2023-03-01,94577,92795055,ggplot2
2023-03-02,92092,92887147,ggplot2
2023-03-03,82903,92970050,ggplot2
2023-03-04,62909,93032959,ggplot2
2023-03-05,61356,93094315,ggplot2
2023-03-06,90975,93185290,ggplot2
2023-03-07,91396,93276686,ggplot2
2023-03-08,88181,93364867,ggplot2
2023-03-09,95454,93460321,ggplot2
2023-03-10,84685,93545006,ggplot2
2023-03-11,61276,93606282,ggplot2
2023-03-12,55552,93661834,ggplot2
2023-03-13,91688,93753522,ggplot2
2023-03-14,87724,93841246,ggplot2
2023-03-15,83909,93925155,ggplot2
2023-03-16,90613,94015768,ggplot2
2023-03-17,78335,94094103,ggplot2
2023-03-18,56562,94150665,ggplot2
2023-03-19,57848,94208513,ggplot2
2023-03-20,85823,94294336,ggplot2
2023-03-21,91039,94385375,ggplot2
2023-03-22,88308,94473683,ggplot2
2023-03-23,89680,94563363,ggplot2
2023-03-24,81865,94645228,ggplot2
2023-03-25,58262,94703490,ggplot2
2023-03-26,58056,94761546,ggplot2
2023-03-27,86977,94848523,ggplot2
2023-03-28,90370,94938893,ggplot2
2023-03-29,85326,95024219,ggplot2
2023-03-30,84993,95109212,ggplot2
2023-03-31,75332,95184544,ggplot2
2023-04-01,54207,95238751,ggplot2
2023-04-02,55653,95294404,ggplot2
2023-04-03,86678,95381082,ggplot2
2023-04-04,95653,95476735,ggplot2
2023-04-05,87236,95563971,ggplot2
2023-04-06,82642,95646613,ggplot2
2023-04-07,67602,95714215,ggplot2
2023-04-08,54709,95768924,ggplot2
2023-04-09,55193,95824117,ggplot2
2023-04-10,76554,95900671,ggplot2
2023-04-11,90089,95990760,ggplot2
2023-04-12,81523,96072283,ggplot2
2023-04-13,70303,96142586,ggplot2
2023-04-14,61370,96203956,ggplot2
2023-04-15,41081,96245037,ggplot2
2023-04-16,40791,96285828,ggplot2
2023-04-17,69625,96355453,ggplot2
2023-04-18,72698,96428151,ggplot2
2023-04-19,70871,96499022,ggplot2
2023-04-20,68132,96567154,ggplot2
2023-04-21,59357,96626511,ggplot2
2023-04-22,40701,96667212,ggplot2
2023-04-23,44183,96711395,ggplot2
2023-04-24,73774,96785169,ggplot2
2023-04-25,76504,96861673,ggplot2
2023-04-26,76715,96938388,ggplot2
2023-04-27,70703,97009091,ggplot2
2023-04-28,60726,97069817,ggplot2
2023-04-29,41004,97110821,ggplot2
2023-04-30,40074,97150895,ggplot2
2023-05-01,55655,97206550,ggplot2
2023-05-02,68975,97275525,ggplot2
2023-05-03,69751,97345276,ggplot2
2023-05-04,69399,97414675,ggplot2
2023-05-05,64404,97479079,ggplot2
2023-05-06,45949,97525028,ggplot2
2023-05-07,44403,97569431,ggplot2
2023-05-08,70059,97639490,ggplot2
2023-05-09,72654,97712144,ggplot2
2023-05-10,71992,97784136,ggplot2
2023-05-11,88633,97872769,ggplot2
2023-05-12,88886,97961655,ggplot2
2023-05-13,71153,98032808,ggplot2
2023-05-14,70575,98103383,ggplot2
2023-05-15,95875,98199258,ggplot2
2023-05-16,102918,98302176,ggplot2
2023-05-17,99918,98402094,ggplot2
2023-05-18,92955,98495049,ggplot2
2023-05-19,91708,98586757,ggplot2
2023-05-20,73198,98659955,ggplot2
2023-05-21,76023,98735978,ggplot2
2023-05-22,99624,98835602,ggplot2
2023-05-23,104136,98939738,ggplot2
2023-05-24,106803,99046541,ggplot2
2023-05-25,100253,99146794,ggplot2
2023-05-26,95855,99242649,ggplot2
2023-05-27,67443,99310092,ggplot2
2023-05-28,68723,99378815,ggplot2
2023-05-29,83615,99462430,ggplot2
2023-05-30,96077,99558507,ggplot2
2023-05-31,95105,99653612,ggplot2
2023-06-01,92463,99746075,ggplot2
2023-06-02,87866,99833941,ggplot2
2023-06-03,69622,99903563,ggplot2
2023-06-04,70402,99973965,ggplot2
2023-06-05,94385,100068350,ggplot2
2023-06-06,94751,100163101,ggplot2
2023-06-07,94115,100257216,ggplot2
2023-06-08,90532,100347748,ggplot2
2023-06-09,85424,100433172,ggplot2
2023-06-10,68884,100502056,ggplot2
2023-06-11,69591,100571647,ggplot2
2023-06-12,91770,100663417,ggplot2
2023-06-13,93620,100757037,ggplot2
2023-06-14,95710,100852747,ggplot2
2023-06-15,94334,100947081,ggplot2
2023-06-16,72263,101019344,ggplot2
2023-06-17,67899,101087243,ggplot2
2023-06-18,69271,101156514,ggplot2
2023-06-19,88360,101244874,ggplot2
2023-06-20,92978,101337852,ggplot2
2023-06-21,90298,101428150,ggplot2
2023-06-22,92142,101520292,ggplot2
2023-06-23,82306,101602598,ggplot2
2023-06-24,67602,101670200,ggplot2
2023-06-25,67120,101737320,ggplot2
2023-06-26,86219,101823539,ggplot2
2023-06-27,87554,101911093,ggplot2
2023-06-28,85361,101996454,ggplot2
2023-06-29,83663,102080117,ggplot2
2023-06-30,80925,102161042,ggplot2
2023-07-01,66398,102227440,ggplot2
2023-07-02,65992,102293432,ggplot2
2023-07-03,82103,102375535,ggplot2
2023-07-04,80853,102456388,ggplot2
2023-07-05,85870,102542258,ggplot2
2023-07-06,87065,102629323,ggplot2
2023-07-07,81905,102711228,ggplot2
2023-07-08,66333,102777561,ggplot2
2023-07-09,65949,102843510,ggplot2
2023-07-10,93437,102936947,ggplot2
2023-07-11,85865,103022812,ggplot2
2023-07-12,87139,103109951,ggplot2
2023-07-13,85412,103195363,ggplot2
2023-07-14,80070,103275433,ggplot2
2023-07-15,63435,103338868,ggplot2
2023-07-16,64430,103403298,ggplot2
2023-07-17,85862,103489160,ggplot2
2023-07-18,89353,103578513,ggplot2
2023-07-19,85790,103664303,ggplot2
2023-07-20,82927,103747230,ggplot2
2023-07-21,75622,103822852,ggplot2
2023-07-22,59605,103882457,ggplot2
2023-07-23,63539,103945996,ggplot2
2023-07-24,81914,104027910,ggplot2
2023-07-25,84117,104112027,ggplot2
2023-07-26,85087,104197114,ggplot2
2023-07-27,84937,104282051,ggplot2
2023-07-28,83897,104365948,ggplot2
2023-07-29,69575,104435523,ggplot2
2023-07-30,71774,104507297,ggplot2
